##############################################################################
# Class:   footMappingPar
# Context: FootMappingParContext
##############################################################################
[footMappingPar]
//----------------------------------------------------------------------------
footGeoPar:  Int_t  202307 
footEnevsPosCorrPar:  Float_t \
  0 0 0 0 0 0 0 0 0 0 
footOffsetYPar:  Float_t \
  0 0 
footDistance2targetPar:  Float_t \
  0 0 
footOffsetXPar:  Float_t \
  0 0 
footPolPar:  Int_t  5 
footDetPar:  Int_t  2 
footAngleThetaPar:  Float_t \
  0 0 
footAnglePhiPar:  Float_t \
  0 0 
##############################################################################
##############################################################################
# Class:   footCalPar
# Context: FootCalParContext
##############################################################################
[footCalPar]
//----------------------------------------------------------------------------
footStripCalPar:  Float_t \
  147.341 2.11073 92.0896 2.6602 107.217 2.69481 103.152 2.6311 78.2842 2.66609  \
  117.874 2.80229 129.368 2.67137 163.548 2.64585 117.815 2.64197 123.379 2.65025  \
  132.585 2.56184 143.953 2.58267 154.952 2.58409 148.034 2.64483 164.713 2.64163  \
  136.879 2.6286 130.702 2.56155 172.738 2.59724 172.791 2.58118 199.431 2.63024  \
  139.86 2.60453 203.313 2.6047 183.483 2.62961 194.747 2.59869 194.281 2.59523  \
  182.188 2.57136 176.88 2.59262 155.876 2.56523 189.315 2.61196 159.236 2.60216  \
  199.327 2.60196 163.665 2.59903 174.156 2.5785 159.332 2.61128 158.27 2.57439  \
  162.743 2.51587 170.752 2.60519 165.189 2.61501 153.365 2.59081 150.125 2.63692  \
  128.215 2.68027 138.49 2.61673 163.79 2.59284 165.357 2.68506 112.581 2.6109  \
  136.272 2.61289 116.274 2.59592 143.747 2.64486 129.609 2.85817 139.977 2.65366  \
  137.133 2.66851 141.454 2.65763 157.977 2.58657 147.854 2.55472 167.098 2.59926  \
  158.6 2.68951 159.121 2.59926 104.55 2.63905 137.453 2.59726 142.57 2.60476  \
  116.454 2.64577 136.904 2.59654 124.546 2.71233 133.724 2.63088 340.729 3.19418  \
  318.836 3.5035 287.379 3.96771 313.112 3.93528 318.247 3.93329 291.131 3.94488  \
  326.162 3.94452 303.375 3.92878 319.453 3.97442 328.665 3.95034 341.217 3.98252  \
  333.361 3.95451 359.796 3.95141 365.584 3.9463 336.641 3.90908 346.913 4.0074  \
  342.537 3.97801 356.825 3.94308 354.788 3.93044 313.165 3.92775 368.388 3.93965  \
  342.622 3.96242 368.976 4.00729 331.999 3.92775 332.606 3.94865 358.214 3.96759  \
  354.017 3.99149 400.397 3.9281 366.334 3.87507 408.03 3.94618 391.415 3.94818  \
  337.537 3.91081 372.584 3.97797 379.988 3.99372 410.879 4.02429 417.952 3.90821  \
  394.694 3.95332 380 3.93958 360.317 3.88812 406.63 3.96584 358.934 3.92992  \
  368.369 3.99356 388.811 3.93596 368.545 3.97614 380.49 3.98483 371.974 3.94576  \
  388.888 3.89996 396.883 4.00846 362.009 3.94925 375.224 3.94364 361.574 3.90362  \
  321.456 3.92396 414.139 3.94665 348.486 3.92138 338.557 3.97202 326.475 3.89024  \
  336.315 3.93219 303.331 3.90912 351.139 3.95192 301.722 3.95119 324.167 3.93571  \
  303.222 3.96692 321.971 3.94535 336.838 4.0218 401.798 2.09674 367.444 2.89743  \
  348.005 2.71941 366.048 2.7348 348.502 2.77535 370.584 2.7483 397.42 2.78578  \
  358.764 2.8105 375.568 2.78582 386.496 2.82904 349.479 2.71068 391.61 2.75815  \
  362.018 2.73688 359.19 2.74848 384.953 2.67611 361.896 2.76231 326.328 2.69908  \
  355.043 2.70702 348.036 2.79965 395.854 2.70736 399.788 2.75447 430.059 2.74461  \
  389.797 2.74308 371.061 2.73676 388.153 2.77973 409.154 2.74251 429.208 2.78036  \
  459.306 2.77446 384.688 2.71545 430.573 2.76018 415.492 2.69823 412.305 2.73703  \
  383.17 2.66732 400.459 2.75196 420.962 2.73074 398.146 2.78845 441.878 2.72843  \
  442.945 2.7681 456.937 2.70657 379.515 2.72102 396.429 2.75709 405.109 2.77268  \
  431.737 2.76707 431.445 2.74769 435.601 2.76358 425.419 2.78035 420.569 2.6804  \
  428.341 2.73094 411.709 2.97555 387.847 2.81706 408.379 2.76108 396.612 2.7608  \
  379.924 2.74468 378.601 2.76939 382.399 2.7857 389.476 2.76467 402.152 2.78188  \
  384.433 2.84726 408.686 2.8576 372.723 2.78901 403.995 2.72988 368.873 2.75517  \
  418.888 2.73984 359.966 2.80107 300.299 2.11542 240.196 2.74595 267.458 2.67241  \
  268.681 2.631 265.297 2.66262 239.054 2.66096 250.645 2.66389 267.416 2.65336  \
  269.289 2.72718 283.115 2.71615 260.948 2.69013 224.869 2.6561 267.126 2.62839  \
  228.839 2.63645 223.062 2.72026 257.705 2.64626 254.146 2.59683 300.746 2.63246  \
  260.585 2.65699 234.407 2.67002 239.992 2.69033 234.123 2.66711 223.977 2.64424  \
  229.165 2.59935 238.314 2.64414 226.417 2.64165 247.668 2.69669 273.17 2.62641  \
  258.562 2.5715 236.242 2.6468 265.125 2.6447 278.87 2.62467 289.148 2.67056  \
  291.138 2.64577 258.889 2.59026 330.897 2.62457 348.443 2.64573 317.22 2.63542  \
  316.498 2.67609 328.743 2.67513 301.756 2.68123 315.737 2.63889 305.265 2.64024  \
  300.716 2.62465 315.859 2.66844 298.059 2.66849 292.036 2.65114 279.704 2.63799  \
  294.888 2.65628 256.242 2.54172 304.05 2.60264 321.282 2.63369 282.279 2.63477  \
  274.233 2.6765 285.63 2.64558 245.569 2.67724 297.624 2.68477 289.382 2.63101  \
  272.735 2.64312 294.695 2.69584 263.671 2.69065 297.461 2.68913 285.323 2.64625  \
  260.047 2.67876 306.99 2.11604 231.463 2.85625 269.769 2.866 246.259 2.87456  \
  287.693 2.90306 259.463 2.88278 293.122 2.8466 249.723 2.81212 263.545 2.88421  \
  300.61 2.88879 289.963 2.80525 280.881 2.8675 326.457 2.88426 336.821 2.85996  \
  324.837 2.80456 359.907 2.80184 295.844 2.84566 334.011 2.86869 369.023 2.85681  \
  393.787 2.83412 409.858 2.85829 345.572 2.83921 370.65 2.81503 355.683 2.80793  \
  360.026 2.87754 382.069 2.91743 333.165 2.87627 350.177 2.96487 368.09 2.79698  \
  381.936 2.86565 385.852 2.79506 382.078 2.88576 346.068 2.83095 359.291 2.81131  \
  358.203 2.86876 335.224 2.94403 345.231 2.83559 352.556 2.77801 361.019 2.80119  \
  362.722 2.84411 360.819 2.86361 321.979 2.78203 357.089 2.82329 342.958 2.81053  \
  365.794 2.84939 352.711 2.77078 356.171 2.73843 333.796 2.889 323.147 2.85583  \
  340.409 2.82593 302.208 2.88838 324.948 2.78996 328.222 2.81925 285.288 2.83164  \
  307.995 2.85969 296.446 2.84357 281.612 2.88462 284.847 2.83042 278.713 2.90565  \
  289.172 2.79316 264.161 2.91821 306.437 2.92495 264.977 2.90113 267.738 2.92212  \
  310.348 2.04715 290.82 2.74749 289.897 2.58782 268.432 2.58343 337.055 2.58666  \
  279.193 2.59042 336.59 2.57687 288.725 2.59068 297.119 2.5953 300.659 2.62472  \
  338.99 2.51982 341.759 2.57492 370.019 2.54169 339.904 2.62058 344.622 2.56296  \
  359.559 2.60702 348.087 2.54046 342.938 2.53563 355.577 2.50954 393.632 2.53884  \
  354.335 2.53485 371.425 2.55922 377.542 2.50992 391.325 49.4892 382.051 2.61008  \
  377.808 2.53626 393.593 2.5759 376.921 2.58872 430.06 2.54961 382.344 2.57777  \
  399.765 2.55958 411.937 2.58619 384.581 2.52382 420.319 2.53488 377.985 2.58955  \
  402.528 2.4963 392.298 2.55049 411.394 2.53398 379.179 2.57957 401.045 2.5589  \
  384.649 2.54328 359.263 2.64762 370.326 2.48911 379.288 2.56598 367.852 2.57295  \
  388.678 2.57449 395.471 2.58999 399.989 2.52354 407.264 2.53734 405.142 2.55535  \
  436.146 2.54959 440.521 2.54943 431.017 2.54165 463.394 2.47776 471.41 2.48128  \
  466.578 2.5214 428.616 2.53643 431.216 2.57248 414.675 2.47137 451.06 2.54577  \
  480.326 2.50775 444.512 2.48593 432.811 2.54868 434.962 2.53153 350.038 3.35722  \
  307.328 4.25599 313.527 4.27265 310.12 4.1755 321.514 4.19258 325.694 4.10625  \
  327.777 4.16113 373.753 4.09816 344.736 4.1566 371.409 4.07586 378.156 4.12862  \
  343.138 4.14919 422.086 4.11113 408.904 4.10126 403.245 4.10149 373.021 4.16805  \
  351.545 4.10275 368.555 4.13259 385.447 4.15823 363.304 4.17796 369.786 4.15242  \
  354.128 4.09973 413.942 4.10519 394.651 4.11729 336.174 4.17398 329.951 4.08959  \
  336.391 4.15996 338.753 4.16396 323.72 4.18824 337.234 4.1345 305.569 4.19321  \
  301.487 4.18573 358.797 4.13957 287.495 4.14907 336.176 4.17301 314.739 4.11441  \
  316.934 4.13371 303.826 4.11832 314.34 4.12205 309.666 4.14818 261.817 4.09832  \
  286.638 4.14359 325.279 4.11125 298.823 4.12195 269.84 4.19646 347.093 4.12672  \
  346.711 4.0941 353.121 4.1809 298.766 4.16286 298.932 4.22183 313.609 4.1112  \
  320.083 4.13876 317.182 4.23627 341.003 4.17691 284.511 4.16109 328.463 4.14504  \
  296.815 4.18003 284.728 4.1386 331.256 4.20065 310.791 4.13339 300.214 4.09806  \
  260.295 4.16429 289.906 4.14518 296.864 4.12512 324.729 2.23528 256.832 2.80494  \
  284.743 2.74318 276.923 2.70436 274.871 2.69658 300.925 2.71639 339.464 2.69545  \
  289.694 2.71469 295.955 2.66131 347.399 2.69474 341.464 2.67776 342.871 2.67378  \
  284.71 2.69318 318.914 2.73742 376.933 2.71782 355.542 2.74217 358.773 2.73625  \
  337.7 2.68954 348.634 2.68923 338.358 2.71719 370.767 2.69718 336.81 2.69629  \
  323.17 2.69331 339.138 2.67786 336.738 2.7294 349.678 2.73838 367.728 2.68393  \
  342.721 2.68115 351.809 2.6983 380.527 2.75172 316.558 2.72302 350.081 2.76291  \
  336.146 2.69791 318.516 2.72147 355.421 2.67899 370.213 2.69706 328.773 2.69166  \
  347.317 2.68868 395.159 2.7233 347.1 2.66419 371.789 2.75667 344.932 2.72713  \
  339.949 2.73232 361.834 2.69486 388.095 2.76121 344.654 2.71317 362.638 2.68142  \
  351.155 2.64312 312.341 2.74778 312.031 2.71505 332.364 2.70511 317.693 2.74351  \
  299.653 2.7177 293.451 2.69734 293.616 2.74707 305.628 2.72234 305.935 2.74106  \
  265.172 2.71671 267.417 2.77745 279.988 2.75732 288.948 2.73735 276.164 2.80018  \
  276.933 2.76962 232.695 2.77295 336.454 2.1042 347.996 2.7421 340.011 2.75763  \
  305.927 2.72444 303.396 2.77008 322.617 2.73598 366.62 2.70702 381.96 2.76056  \
  351.61 2.69217 365.216 2.73732 347.701 2.73368 380.517 2.7549 350.485 2.65714  \
  388.948 2.69699 365.855 2.72149 393.666 2.71306 371.625 2.70352 353.836 2.65471  \
  368.657 2.7252 349.034 2.65139 343.278 2.71591 344.783 2.67398 342.475 2.7263  \
  358.979 2.74463 345.751 2.74373 321.394 2.73426 354.287 2.71898 329.796 2.70325  \
  377.072 2.67752 365.59 2.74548 314.932 2.66115 320.27 2.71191 325.53 2.71587  \
  359.092 2.70298 390.511 2.65952 354.439 2.71798 353.931 2.63206 358.45 2.71206  \
  347.97 2.68184 406.275 2.70341 387.965 2.73948 373.771 2.7378 398.768 2.73203  \
  380.911 2.7585 394.663 2.73883 425.503 2.70459 377.574 2.77176 372.98 2.72366  \
  399.608 2.73748 381.861 2.72987 342.464 2.70984 367.371 2.74652 400.408 2.67089  \
  405.731 2.74589 348.515 2.66468 403.662 2.68843 376.384 2.77883 344.865 2.69407  \
  389.109 2.75017 385.389 2.70076 414.372 2.68699 357.137 2.76329 367.014 2.79075  \
  391.624 2.70933 302.118 2.14026 274.434 2.87517 278.876 2.81652 330.474 2.72394  \
  249.368 2.73444 277.393 2.71641 295.125 2.69536 294.538 3.16397 293.497 2.70236  \
  299.798 2.72358 291.157 2.75994 287.074 2.70702 256.559 2.72255 340.001 2.73143  \
  276.635 2.77561 293.133 2.74667 308.661 2.67538 326.472 2.8817 357.27 2.75548  \
  322.12 2.72467 288.091 2.90012 294.925 2.84315 308.818 2.76675 284.36 2.72883  \
  278.636 2.66117 289.89 2.73791 281.665 2.6797 324.51 2.66313 289.953 2.73592  \
  284.744 2.69591 293.357 2.69702 302.473 2.73768 303.651 2.71559 285.703 2.75553  \
  313.003 2.71238 327.585 2.74355 339.916 2.69457 357.983 2.69682 287.958 2.71326  \
  329.961 2.71062 283.889 2.72313 288.187 2.699 291.885 2.77998 267.878 2.73286  \
  286.288 2.74111 248.687 2.71342 271.228 2.79591 267.597 2.70158 239.803 2.77621  \
  221.423 2.76208 259.125 2.65601 249.489 2.78604 278.082 2.77269 324.735 2.77477  \
  281.153 2.77982 265.608 2.74333 272.721 2.75302 228.63 2.75681 200.87 2.7433  \
  249.329 2.75685 280.862 2.80476 255.887 2.69851 253.531 2.79803 236.714 2.73824  \
  224.935 2.00333 185.479 2.8211 197.01 2.81482 189.054 2.79377 227.926 2.73782  \
  238.638 2.77024 216.769 2.73278 252.792 2.75871 237.852 2.76389 212.264 2.73952  \
  279.828 2.76761 248.482 2.7278 262.832 2.77527 340.956 2.71323 295.589 2.78159  \
  342.1 2.7209 309.709 2.70796 301.518 2.69404 319.506 2.72046 324.071 2.71009  \
  340.48 2.71039 349.574 2.66746 308.897 2.72064 305.765 2.69067 288.108 2.67995  \
  295.888 2.66374 326.32 2.71138 278.621 2.76266 286.132 2.74503 283.336 2.78806  \
  296.101 2.75975 310.204 2.68154 243.915 2.76693 277.414 2.65641 277.724 2.79086  \
  252.75 2.75312 220.502 2.72526 267.325 2.73089 243.266 2.73095 256.642 2.72272  \
  277.779 2.71157 243.48 2.72558 249.555 2.70878 244.252 2.75039 263.073 2.75971  \
  230.943 2.68094 275.609 2.72406 271.818 2.74967 241.456 2.7567 217.564 2.74105  \
  259.295 2.72062 247.967 2.76364 302.67 2.75065 251.283 2.71867 247.996 2.74748  \
  219.423 2.77057 215.079 2.83785 189.569 2.82289 186.12 2.82319 190.832 2.84493  \
  148.776 2.80785 161.823 2.79781 154.497 2.89336 126.017 2.84188 279.793 3.14818  \
  232.783 3.84608 294.788 3.60455 280.834 3.61539 293.84 3.55904 298.061 3.52816  \
  257.807 3.6007 261.53 3.61172 266.798 3.63811 290.249 3.63184 268.461 3.61382  \
  267.378 3.58979 229.464 3.50915 304.642 3.59654 295.861 3.6267 297.584 3.66234  \
  311.734 3.58075 301.474 3.54515 267.671 3.60177 284.488 3.62318 290.011 3.58571  \
  253.537 3.67907 282.769 3.58201 312.959 3.60071 313.059 3.5761 282.478 3.63744  \
  271.149 3.55097 290.596 3.53548 263.566 3.54908 233.812 3.53155 221.666 3.55535  \
  241.252 3.58779 268.07 3.5612 249.39 3.60707 230.239 3.56106 243.477 3.58695  \
  270.222 3.62836 279.473 3.53916 300.737 3.54987 217.962 3.53332 273.468 3.56816  \
  245.1 3.52163 247.675 3.56582 267.88 3.52222 251.479 3.5908 291.647 3.52768  \
  258.394 3.52292 281.151 3.6154 235.266 3.51929 5076.12 28.2823 288.408 3.49574  \
  258.495 3.60373 268.094 3.58947 229.526 3.59747 226.986 3.55744 254.517 3.59865  \
  220.135 3.63292 222.013 3.5889 232.093 3.62715 234.978 3.63279 220.64 3.58149  \
  250.793 3.59967 238.127 3.58255 246.381 3.60922 335.719 2.18338 258.93 3.10013  \
  301.086 2.8497 252.681 2.90494 286.795 2.84108 297.66 2.80717 272.95 2.91301  \
  278.353 2.85781 300.353 2.80921 287.278 2.78641 267.168 2.86502 303.99 2.84704  \
  300.624 2.82199 302.815 2.81526 309.669 2.80185 295.92 2.87909 318.08 2.8688  \
  313.881 2.84548 307.554 2.83455 341.69 2.80677 306.825 2.84442 355.65 2.79938  \
  310.364 2.82331 347.053 2.82473 349.485 2.86107 320.638 2.88794 304.92 2.83518  \
  326.024 2.8538 284.917 2.8677 338.956 2.78225 316.976 2.8467 330.079 2.82153  \
  300.891 2.82256 296.962 2.78534 299.617 3.01128 301.199 2.84433 280.77 2.93669  \
  303.919 2.8784 332.399 2.82872 332.767 2.83472 293.391 2.80759 320.413 2.88138  \
  334.977 2.87532 333.367 2.83901 332.926 2.81849 319.878 2.8361 354.733 2.76978  \
  296.744 2.85257 346.776 2.75714 320.277 2.87523 312.462 2.83674 307.275 2.86634  \
  279.996 2.83116 322.488 2.87244 284.616 2.87688 306.941 2.82535 304.022 2.87623  \
  343.074 2.95266 303.039 2.89786 311.34 2.85388 316.733 2.87174 291.402 2.88305  \
  302.533 2.84395 301.194 2.92241 329.118 2.07212 332.14 2.90948 317.42 2.78569  \
  347.998 2.87648 388.26 2.85138 329.975 2.84059 318.3 2.87216 330.109 2.85267  \
  287.401 2.84554 339.598 2.77358 330.409 2.85488 344.895 2.83243 325.858 2.88292  \
  349.665 2.8923 316.872 2.88431 297.347 2.83033 319.134 2.80846 320.684 2.8288  \
  342.25 2.81194 344.144 2.84831 358.372 2.78323 327.313 2.82722 396.576 2.83404  \
  369.795 2.80061 336.409 2.86689 342.527 2.94163 371.147 2.95238 342.855 2.91631  \
  346.952 2.90915 333.118 2.85955 351.699 2.77969 330.792 2.88702 326.497 2.83686  \
  289.891 2.8003 292.167 2.33825 289.57 2.82696 307.806 2.93607 310.877 2.85567  \
  289.872 2.80717 285.5 2.88131 286.533 2.84059 279.885 2.86873 300.543 2.8807  \
  349.709 2.8841 304.862 2.81035 288.862 2.90871 275.208 2.98672 325.73 2.91035  \
  290.985 2.87801 285.03 2.90383 331.561 2.92359 306.323 2.89845 331.054 2.83916  \
  346.491 2.95741 328.648 2.87036 334.892 2.83338 282.686 2.84908 307.282 3.01749  \
  307.19 3.06648 317.143 3.06784 280.028 2.89161 285.178 2.99213 276.225 2.97265  \
  327.589 2.95975 242.605 2.10724 138.88 2.93435 176.447 2.92699 196.803 2.90143  \
  194.639 2.84677 198.579 3.29191 216.575 4.18807 188.398 2.9737 167.495 2.99559  \
  168.936 2.93395 203.842 2.9269 158.943 2.91474 214.521 2.92205 220.601 2.90067  \
  176.32 2.90899 192.921 2.85653 204.703 2.88203 200.936 2.88513 224.548 2.91053  \
  204.416 2.8711 208.71 2.84263 213.194 2.91154 223.78 2.84461 220.134 2.87983  \
  190.511 2.91968 175.632 2.85637 248.46 2.90612 214.033 2.94113 271.438 2.94539  \
  221.116 2.88965 220.317 2.87287 242.716 2.88033 228.925 2.93484 196.882 2.89629  \
  198.924 2.84384 228.467 2.86291 225.542 2.83233 266.914 2.86381 218.474 2.92144  \
  232.208 2.90756 248.604 2.82633 263.598 2.88219 199.51 2.90304 259.238 2.90632  \
  242.639 2.89182 249.881 2.96363 261.721 2.87494 274.6 2.86983 235.357 2.90236  \
  230.783 2.87357 272.3 2.9426 287.998 2.90085 296.845 2.97633 277.269 2.90529  \
  242.472 2.8936 292.392 2.83403 272.692 2.79096 256.377 3.0387 273.462 2.93292  \
  297.873 2.88825 261.101 2.82216 296 2.88998 245.476 2.94015 271.161 2.99823  \
  273.848 2.12763 184.466 2.80615 212.776 2.97488 222.926 2.94136 223.917 2.93227  \
  215.545 2.93309 237.061 3.02327 208.454 2.98456 213.109 3.05813 224.816 2.83513  \
  212.409 2.93372 237.588 2.92612 259.712 2.96351 263.275 2.96446 262.268 2.94183  \
  265.276 2.98945 272.56 2.91684 270.163 2.90773 234.238 2.88188 251.516 2.92156  \
  259.237 2.94411 276.149 2.9185 275.574 2.86551 271.727 2.95745 222.854 2.83044  \
  267.353 2.98415 269.797 2.97149 295.18 2.97603 290.604 2.96235 289.844 2.84827  \
  304.926 2.85739 294.1 2.87163 274.278 2.87333 291.649 2.82642 307.399 2.86802  \
  295.186 2.93658 278.137 2.90769 264.271 2.89278 311.769 2.90423 306.196 2.8635  \
  289.342 2.90641 298.199 2.92969 319.102 2.83289 315.186 2.9141 305.886 2.88127  \
  268.216 2.82025 293.774 2.90522 272.266 2.8757 254.958 2.98401 268.063 2.83714  \
  312.416 2.88064 298.422 2.86843 306.516 2.97154 231.459 2.80858 283.897 2.8991  \
  275.29 2.93731 283.697 2.86653 282.381 2.82797 270.799 2.94553 283.234 2.83657  \
  251.128 2.98593 259.376 2.93709 291.5 2.88374 253.162 2.98307 282.616 3.46887  \
  266.131 3.32152 297.593 3.49253 302.019 3.46226 278.265 3.49301 329.692 3.43881  \
  264.919 3.47099 268.136 3.52006 247.431 3.45752 278.12 3.45473 282.831 3.51179  \
  325.31 3.46686 292.314 3.48101 338.566 3.4923 321.821 3.4888 355.025 3.54637  \
  339.094 3.5613 310.669 3.50137 313.265 3.48541 340.984 3.55073 352.522 3.416  \
  375.488 3.50435 310.879 3.44876 295.73 3.50094 333.054 3.55814 318.946 3.44952  \
  264.117 3.4575 330.491 3.48218 304.251 3.52056 251.497 3.52144 285.723 3.50725  \
  313.151 3.5025 265.02 3.73266 236.77 3.52843 274.183 3.44996 279.347 3.44764  \
  289.283 3.54606 292.702 3.46432 303.686 3.4262 262.998 3.4695 284.612 3.51419  \
  268.15 3.51705 293.53 3.45982 317.786 3.52273 286.47 3.51675 312.016 3.48199  \
  295.608 3.49803 298.139 3.5463 259.584 3.51273 288.183 3.47619 309.528 3.43924  \
  260.215 3.55394 280.837 3.49357 316.733 3.51129 283.666 3.50776 290.283 3.42958  \
  238.709 3.57557 231.843 3.50747 292.535 3.4732 202.831 3.50298 254.656 3.5583  \
  178.388 3.52365 209.474 3.48846 202.614 3.46236 373.692 2.02128 403.677 2.19081  \
  408.074 2.1798 378.71 2.18177 411.13 2.21452 396.092 2.16692 422.158 2.17807  \
  416.828 2.15373 404.863 2.18936 423.757 2.19919 404.844 2.20874 417.009 2.28033  \
  460.719 2.93112 396.348 10.9484 1086.78 894.45 -29018.9 11887.3 272.405 309.068  \
  433.189 10.9086 402.207 3.00712 429.159 2.2989 427.339 2.2187 442.539 2.21133  \
  403.827 2.21299 384.171 2.18909 373.864 2.21132 350.637 2.22708 408.687 2.2442  \
  372.145 2.2475 367.674 2.23344 382.538 2.2591 346.312 2.28336 383.937 2.2818  \
  369.158 2.26392 350.772 2.29069 370.438 2.24947 370.678 2.29734 366.32 2.29147  \
  351.161 2.25718 346.956 2.32782 337.277 2.28636 334.152 2.30748 355.666 2.29177  \
  358.502 2.30988 357.767 2.33019 338.756 2.29902 384.333 2.32688 370.666 2.30942  \
  355.554 2.32361 372.146 2.33552 330.851 2.33886 370.071 2.33354 357.188 2.35376  \
  316.868 2.35122 319.9 2.31955 361.93 2.37236 359.052 2.35678 307.23 2.34194  \
  329.264 2.37607 302.424 2.34872 302.155 2.39575 370.253 2.3857 335.933 2.38634  \
  315.745 2.39413 318.465 2.39476 322.224 2.02221 365.306 2.63998 382.387 2.59749  \
  362.016 2.59261 374.246 2.56388 361.33 2.59291 385.633 2.68316 387.441 2.60033  \
  368.437 2.59895 353.626 2.56917 388.273 2.6409 399.469 2.57465 372.68 2.64776  \
  419.065 2.54036 392.059 2.53281 376.205 2.7205 356.577 2.75931 379.747 2.5649  \
  427.035 2.58926 372.887 2.51843 367.412 2.64849 366.156 2.66157 357.191 2.56567  \
  360.535 2.52228 339.045 2.55563 345.907 2.57209 339.848 2.5615 375.021 2.53568  \
  370.935 2.55575 328.856 2.54305 333.247 2.61221 355.094 2.57903 364.846 2.55708  \
  390.033 2.60387 336.59 2.60522 352.604 2.58712 383.744 2.66224 408.441 2.5885  \
  355.87 2.61104 349.241 2.55768 381.069 2.62133 361.32 2.60672 375.242 2.57508  \
  362.749 2.59936 387.091 2.56718 381.592 2.63747 385.548 2.58463 376.071 2.56995  \
  350.002 2.54575 380.473 2.56608 383.103 2.59445 374.378 2.59329 352.864 2.5558  \
  350.503 2.57518 341.656 2.5588 308.987 2.57452 300.785 2.60091 311.822 2.54487  \
  319.067 2.57942 340.757 2.56874 330.38 2.56896 329.56 2.57014 305.37 2.57209  \
  317.959 2.61332 266.346 2.17156 264.221 2.34221 244.782 2.30754 276.636 2.30838  \
  265.075 2.30851 266.926 2.32224 309.673 2.32954 274.226 2.29314 286.783 2.30771  \
  288.241 2.2817 328.979 2.31394 288.37 2.29192 249.868 2.30548 298.217 2.30454  \
  279.942 2.31116 300.292 2.32205 292.616 2.32443 270.111 2.31573 271.855 2.34284  \
  282.613 2.31009 269.577 2.33133 231.905 2.32825 309.635 2.31486 280.699 2.36198  \
  267.963 2.33355 232.945 2.31294 304.555 2.33476 303.654 2.34707 249.789 2.30753  \
  336.864 2.30558 269.431 2.33943 298.326 2.31622 266.165 2.29078 266.415 2.26858  \
  316.285 2.30049 309.425 2.32587 292.421 2.28388 304.914 2.31947 301.06 2.30641  \
  277.651 2.29584 311.32 2.32776 276.19 2.2908 293.552 2.32364 307.824 2.29806  \
  284.638 2.30847 288.114 2.30342 306.832 2.31525 312.974 2.29394 285.4 2.35088  \
  296.869 2.30105 322.692 2.28373 325.342 2.31936 300.703 2.31269 315.268 2.30869  \
  330.073 2.31454 344.555 2.30829 284.141 2.31516 301.778 2.34274 278.414 2.30076  \
  277.409 2.33086 275.713 2.3191 291.922 2.31585 270.342 2.30753 259.276 2.31134 
footDetNumberPar:  Int_t  2 
footNumberParsFit:  Int_t  2 
footStripNumberPar:  Int_t  640 
