##############################################################################
# Class:   footMappingPar
# Context: FootMappingParContext
##############################################################################
[footMappingPar]
//----------------------------------------------------------------------------
footGeoPar:  Int_t  202307 
footEnevsPosCorrPar:  Float_t \
  0 0 0 0 0 0 0 0 0 0 
footOffsetYPar:  Float_t \
  0 0 
footDistance2targetPar:  Float_t \
  0 0 
footOffsetXPar:  Float_t \
  0 0 
footPolPar:  Int_t  5 
footDetPar:  Int_t  2 
footAngleThetaPar:  Float_t \
  0 0 
footAnglePhiPar:  Float_t \
  0 0 
##############################################################################
##############################################################################
# Class:   footCalPar
# Context: FootCalParContext
##############################################################################
[footCalPar]
//----------------------------------------------------------------------------
footStripCalPar:  Float_t \
  147.383 2.08596 91.9476 2.6923 107.299 2.63288 103.182 2.59604 78.2594 2.59616  \
  117.846 2.79954 129.252 2.81405 163.524 2.6108 117.777 2.52326 123.384 2.6145  \
  132.576 2.56364 143.929 2.46504 154.951 2.49676 148.16 2.6176 164.795 2.57123  \
  136.937 2.59983 130.761 2.47669 172.743 2.55214 172.865 2.52095 199.538 2.52575  \
  139.958 2.52212 203.385 2.55593 183.57 2.57696 194.805 2.53436 194.451 2.53293  \
  182.218 2.5302 176.885 2.5308 155.995 2.54637 189.413 2.56998 159.351 2.53175  \
  199.38 2.50995 163.787 2.56366 174.212 2.53045 159.47 2.5471 158.35 2.48114  \
  162.83 2.46161 170.821 2.54803 165.246 2.50223 153.49 2.53223 150.265 2.52206  \
  128.337 2.60476 138.669 2.54707 163.833 2.54456 165.509 2.61231 112.601 2.58678  \
  136.333 2.52785 116.266 2.57908 143.696 2.55869 129.562 2.99421 139.956 2.6813  \
  137.11 2.58294 141.607 2.59478 157.953 2.52194 147.768 2.56897 167.069 2.61279  \
  158.585 2.58841 159.135 2.51288 104.567 2.59034 137.448 2.58475 142.601 2.56851  \
  116.349 2.58912 136.966 2.60842 124.563 2.68627 133.676 2.58013 340.445 3.13613  \
  317.944 3.30315 286.79 3.4961 312.66 3.42664 317.794 3.49165 290.646 3.53481  \
  325.658 3.47185 302.952 3.48683 318.906 3.43818 328.171 3.49152 340.777 3.4967  \
  332.887 3.45675 359.24 3.431 365.057 3.44175 336.106 3.43461 346.285 3.53711  \
  341.99 3.47715 356.27 3.38516 354.278 3.44764 312.712 3.45803 367.902 3.42615  \
  342.093 3.46015 368.454 3.46168 331.523 3.42234 332.132 3.46469 357.701 3.43242  \
  353.552 3.44639 399.914 3.40991 365.935 3.42002 407.742 3.41189 390.934 3.42181  \
  337.134 3.46728 372.155 3.49083 379.692 3.4726 410.441 3.51392 417.513 3.41427  \
  394.245 3.45976 379.669 3.44825 359.771 3.436 406.15 3.40951 358.589 3.36652  \
  367.92 3.45048 388.259 3.46127 368.155 3.44577 380.02 3.35689 371.52 3.45596  \
  388.399 3.4212 396.383 3.46708 361.552 3.46886 374.73 3.39536 360.997 3.37133  \
  320.907 3.44622 413.572 3.41631 347.991 3.4299 338.06 3.4274 325.991 3.44736  \
  335.816 3.4475 302.888 3.43435 350.773 3.39929 301.257 3.42412 323.703 3.4238  \
  302.746 3.47114 321.499 3.45975 336.369 3.44105 401.722 2.14547 367.318 2.82993  \
  348.119 2.75522 366.095 2.74351 348.627 2.77332 370.633 2.7809 397.431 2.81909  \
  358.924 2.81144 375.702 2.76902 386.657 2.77405 349.491 2.68586 391.74 2.76699  \
  362.016 2.73315 359.239 2.75849 385.01 2.71768 362.018 2.72587 326.362 2.69689  \
  355.143 2.70686 348.131 2.75232 395.935 2.71058 399.819 2.70838 430.043 2.73704  \
  389.853 2.69677 371.045 2.74604 388.12 2.74689 409.086 2.72361 429.245 2.73576  \
  459.4 2.77407 384.784 2.73461 430.627 2.76931 415.609 2.6712 412.391 2.73161  \
  383.346 2.69677 400.492 2.73167 421.081 2.74195 398.239 2.75158 441.952 2.72665  \
  443.029 2.68628 456.944 2.69654 379.569 2.72202 396.587 2.71036 405.17 2.79871  \
  431.806 2.77981 431.514 2.71767 435.644 2.74398 425.434 2.77472 420.66 2.72157  \
  428.434 2.75716 411.73 2.87801 387.86 2.77071 408.584 2.69899 396.601 2.75356  \
  379.988 2.72506 378.694 2.71925 382.642 2.72936 389.589 2.78111 402.256 2.82051  \
  384.422 2.80659 408.734 2.85349 372.78 2.77267 404.08 2.68369 368.848 2.75986  \
  418.952 2.76458 360.039 2.81154 300.282 2.13806 240.568 2.68754 267.732 2.74729  \
  268.794 2.68103 265.355 2.71642 239.205 2.70071 250.679 2.68625 267.529 2.67626  \
  269.518 2.75943 283.275 2.73179 261.175 2.69064 224.924 2.68768 267.333 2.69688  \
  229.024 2.70101 223.22 2.64445 257.96 2.62235 254.378 2.62574 301.001 2.68249  \
  260.852 2.73432 234.659 2.69751 240.185 2.68703 234.424 2.69443 224.194 2.73494  \
  229.4 2.63423 238.495 2.67512 226.672 2.60045 247.89 2.72199 273.446 2.65181  \
  258.883 2.61516 236.467 2.73778 265.316 2.71048 279.065 2.70167 289.336 2.70098  \
  291.484 2.68941 258.955 2.59444 331.174 2.65648 348.693 2.64988 317.498 2.65314  \
  316.733 2.67637 328.987 2.68393 302.068 2.73078 316.012 2.72442 305.489 2.74192  \
  301.053 2.68098 316.001 2.64061 298.25 2.65898 292.157 2.704 279.914 2.65738  \
  295.163 2.69253 256.495 2.57752 304.359 2.6308 321.485 2.69313 282.536 2.68143  \
  274.411 2.6484 286.01 2.67863 245.796 2.70964 297.733 2.69833 289.623 2.59179  \
  272.951 2.70131 294.669 2.71401 263.837 2.72054 297.629 2.71771 285.636 2.71513  \
  260.209 2.69457 307.001 2.09191 231.763 2.86877 269.75 2.8905 246.257 2.85295  \
  287.658 2.85604 259.466 2.82848 293.151 2.83692 249.712 2.80972 263.569 2.7924  \
  300.588 2.8976 289.849 2.81209 280.906 2.87199 326.468 2.81324 336.788 2.82442  \
  324.762 2.80493 359.973 2.72873 295.834 2.80778 333.965 2.83901 368.888 2.78606  \
  393.864 2.77091 409.898 2.74105 345.531 2.80633 370.746 2.8245 355.618 2.79876  \
  360.05 2.90396 381.966 2.92289 333.201 2.88335 350.233 2.83462 368.087 2.79777  \
  381.831 2.86624 385.921 2.80338 382.113 2.81421 346.117 2.74873 359.226 2.71916  \
  358.224 2.82701 335.321 2.88963 345.253 2.77416 352.539 2.68336 361.095 2.74771  \
  362.728 2.88203 360.881 2.84863 322.027 2.72236 357.248 2.7443 342.948 2.749  \
  365.748 2.7639 352.8 2.73759 356.124 2.706 333.843 2.80802 323.094 2.80596  \
  340.279 2.836 302.256 2.84527 324.837 2.78435 328.179 2.78373 285.252 2.75304  \
  307.969 2.77074 296.459 2.77677 281.687 2.82859 284.884 2.7842 278.708 2.90422  \
  289.145 2.8087 264.219 2.79189 306.441 2.8714 265.009 2.90058 267.773 2.87968  \
  310.289 2.05779 290.839 2.6485 289.767 2.56496 268.341 2.5372 337.009 2.52895  \
  279.137 2.52935 336.561 2.51109 288.641 2.50265 297.102 2.52314 300.572 2.54296  \
  338.878 2.46227 341.687 2.50942 369.942 2.45258 339.776 2.52648 344.516 2.52664  \
  359.429 2.57251 347.987 2.49814 342.727 2.50246 355.381 2.48262 393.659 2.4913  \
  354.244 2.49427 371.357 2.57905 377.377 2.43521 389.396 65.529 381.97 2.55775  \
  377.805 2.47376 393.454 2.53593 376.934 2.50544 429.994 2.5266 382.218 2.51772  \
  399.765 2.48185 411.935 2.54128 384.594 2.47057 420.314 2.54831 377.927 2.51113  \
  402.434 2.64505 392.21 2.46852 411.394 2.47713 379.125 2.51627 400.987 2.51056  \
  384.55 2.53675 359.184 2.6228 370.266 2.47685 379.12 2.47963 367.894 2.50605  \
  388.503 2.54044 395.501 2.5606 399.919 2.54289 407.226 2.5394 405.003 2.4965  \
  435.968 2.46194 440.395 2.47615 430.83 2.45865 463.315 2.46553 471.178 2.40928  \
  466.465 2.47828 428.571 2.4839 431.201 2.50809 414.706 2.42381 450.964 2.43586  \
  480.327 2.42608 444.516 2.45387 432.796 2.53055 434.863 2.54588 349.741 3.25466  \
  306.181 3.18569 312.814 3.42589 309.443 3.46137 320.831 3.42278 324.82 3.43159  \
  327.12 3.44909 372.993 3.38251 344.012 3.41702 370.685 3.40491 377.395 3.38875  \
  342.417 3.46554 421.296 3.43031 408.288 3.37398 402.538 3.42322 372.311 3.45633  \
  350.793 3.41397 367.968 3.43195 384.728 3.40449 362.564 3.46227 369.181 3.42805  \
  353.464 3.40879 413.236 3.45344 393.93 3.41509 335.354 3.43184 329.204 3.41382  \
  335.684 3.43484 338.057 3.44272 323.146 3.41831 336.412 3.41569 304.834 3.41745  \
  300.774 3.46443 358.161 3.37333 286.856 3.43733 335.474 3.45255 314.034 3.41399  \
  316.286 3.45052 303.191 3.42936 313.628 3.39471 308.941 3.38631 261.14 3.44013  \
  285.988 3.4255 324.5 3.39414 298.168 3.46279 269.189 3.48609 346.344 3.51481  \
  345.975 3.4287 352.361 3.48858 298.042 3.50302 298.209 3.49409 312.911 3.4243  \
  319.294 3.50721 316.452 3.47574 340.229 3.42338 283.745 3.45331 327.741 3.43173  \
  296.078 3.42716 283.944 3.41918 330.631 3.53132 310.057 3.45121 299.531 3.49912  \
  259.619 3.39525 289.319 3.42854 296.246 3.48583 324.658 2.20821 256.867 2.7325  \
  284.686 2.71889 276.98 2.64852 274.861 2.63425 300.835 2.7108 339.46 2.71431  \
  289.602 2.70775 295.931 2.69874 347.329 2.72172 341.56 2.73122 342.929 2.73653  \
  284.659 2.66758 318.9 2.66236 376.979 2.64555 355.516 2.69362 358.769 2.67362  \
  337.643 2.62391 348.495 2.64028 338.353 2.68739 370.623 2.65632 336.728 2.66605  \
  323.147 2.63216 339.075 2.62014 336.684 2.62562 349.665 2.64888 367.796 2.64715  \
  342.693 2.68706 351.847 2.63573 380.527 2.65448 316.46 2.67019 350.102 2.66448  \
  336.072 2.67694 318.427 2.64058 355.341 2.60871 370.256 2.64142 328.789 2.68131  \
  347.21 2.64482 395.095 2.64877 347.024 2.66547 371.764 2.7275 344.931 2.6707  \
  339.91 2.70844 361.819 2.68677 387.949 2.71369 344.599 2.64042 362.569 2.61752  \
  351.066 2.61396 312.264 2.67176 312.019 2.63864 332.305 2.64263 317.71 2.69246  \
  299.685 2.65288 293.386 2.66556 293.578 2.66872 305.566 2.75126 305.954 2.71008  \
  265.153 2.73561 267.411 2.72971 280.058 2.6914 288.939 2.67807 276.167 2.77978  \
  276.901 2.75927 232.65 2.78236 336.449 2.10601 348.118 2.75133 339.958 2.74868  \
  305.902 2.70745 303.315 2.7108 322.531 2.66721 366.568 2.65892 381.852 2.70206  \
  351.497 2.59253 365.14 2.69788 347.573 2.71733 380.497 2.70609 350.422 2.62686  \
  388.901 2.65648 365.684 2.64808 393.501 2.68496 371.428 2.68146 353.705 2.61297  \
  368.543 2.65647 349.014 2.61549 343.192 2.66862 344.579 2.65326 342.47 2.74628  \
  358.954 2.71599 345.655 2.65216 321.273 2.68298 354.221 2.70694 329.805 2.6509  \
  377.147 2.68092 365.491 2.63656 314.875 2.66314 320.23 2.67693 325.537 2.66835  \
  359.112 2.66197 390.441 2.65073 354.293 2.63201 353.893 2.61024 358.33 2.69104  \
  347.902 2.71045 406.257 2.72105 387.978 2.65868 373.584 2.68074 398.646 2.6479  \
  380.815 2.70973 394.515 2.72809 425.383 2.67027 377.596 2.72296 372.871 2.66027  \
  399.536 2.71674 381.767 2.74505 342.447 2.72267 367.298 2.72719 400.387 2.65041  \
  405.638 2.67525 348.46 2.66129 403.58 2.63957 376.376 2.70558 344.826 2.64908  \
  389.131 2.70128 385.326 2.67222 414.364 2.65623 357.064 2.75276 366.94 2.7484  \
  391.536 2.72852 302.237 2.12214 274.654 2.84169 279.039 2.75612 330.616 2.68034  \
  249.459 2.68383 277.49 2.70113 295.237 2.67125 294.701 2.84982 293.683 2.70071  \
  299.902 2.72468 291.317 2.71916 287.189 2.70344 256.7 2.71755 340.002 2.63508  \
  276.75 2.73879 293.137 2.71934 308.743 2.66157 326.514 2.80024 357.321 2.72738  \
  322.241 2.65986 288.191 2.79327 295.066 2.78242 308.951 2.73726 284.541 2.66327  \
  278.726 2.62993 290.034 2.61524 281.859 2.64102 324.547 2.64116 290.109 2.66784  \
  284.977 2.65339 293.424 2.6723 302.556 2.69781 303.679 2.6664 285.808 2.65734  \
  313.095 2.66952 327.749 2.66281 340.123 2.62957 358.113 2.68778 288.051 2.66883  \
  330.114 2.62396 283.978 2.66391 288.196 2.61716 292.071 2.7404 267.982 2.67032  \
  286.38 2.69756 248.847 2.67005 271.457 2.78635 267.672 2.68677 240.028 2.78115  \
  221.504 2.73281 259.123 2.67137 249.627 2.72182 278.12 2.74575 324.775 2.79161  \
  281.309 2.67067 265.702 2.70429 272.84 2.69508 228.804 2.6815 200.959 2.76009  \
  249.466 2.72905 280.898 2.7992 255.993 2.66362 253.583 2.74565 236.849 2.71053  \
  225.094 2.03447 185.444 2.86556 197.314 2.84381 189.402 2.8507 228.381 2.77129  \
  238.923 2.88705 217.186 2.81268 253.208 2.82726 238.27 2.83613 212.772 2.82084  \
  280.163 2.87748 248.794 2.82047 263.155 2.80907 341.306 2.83787 295.868 2.77032  \
  342.378 2.74226 310.059 2.79766 301.878 2.7865 319.956 2.80208 324.394 2.76584  \
  340.857 2.8145 350.034 2.70732 309.151 2.79246 306.161 2.83099 288.377 2.8485  \
  296.221 2.79892 326.645 2.79282 278.94 2.85834 286.512 2.75777 283.702 2.81616  \
  296.452 2.79118 310.459 2.75262 244.249 2.80348 277.854 2.803 278.154 2.82132  \
  253.152 2.82251 220.817 2.78764 267.721 2.82 243.603 2.86343 257.051 2.80878  \
  278.258 2.79296 243.856 2.82728 249.896 2.75536 244.618 2.77995 263.36 2.83196  \
  231.29 2.82667 275.897 2.89456 272.184 2.80152 241.816 2.82619 218.074 2.79318  \
  259.662 2.81134 248.312 2.79468 303.108 2.79049 251.611 2.79751 248.259 2.84264  \
  219.72 2.78837 215.316 2.83908 189.866 2.79634 186.302 2.81432 191.208 2.87922  \
  148.998 2.80796 162.169 2.84262 154.669 2.86928 126.285 2.75325 280.119 2.97177  \
  234.239 3.46651 295.329 3.39938 281.335 3.44086 294.301 3.33619 298.486 3.32918  \
  258.166 3.38315 262.035 3.36488 267.317 3.42489 290.626 3.34436 268.956 3.4392  \
  267.866 3.40415 229.941 3.35927 305.091 3.38118 296.212 3.40603 297.962 3.54286  \
  312.081 3.44736 301.888 3.39078 268.116 3.45077 284.941 3.5084 290.463 3.38015  \
  253.951 3.46344 283.17 3.37041 313.459 3.38978 313.451 3.36743 282.897 3.3741  \
  271.511 3.38598 291.073 3.38187 264.131 3.40197 234.298 3.38451 222.157 3.43191  \
  241.771 3.49128 268.52 3.42044 249.874 3.47765 230.705 3.40265 243.978 3.3851  \
  270.666 3.37106 279.926 3.37613 301.208 3.41796 218.407 3.37351 274 3.36375  \
  245.49 3.42257 248.066 3.4142 268.366 3.39893 251.996 3.41047 292.147 3.33916  \
  258.875 3.37741 281.588 3.45319 235.653 3.42548 5751.17 3283.69 288.801 3.31367  \
  259.008 3.45151 268.505 3.36255 230.002 3.38415 227.403 3.43389 254.995 3.4585  \
  220.484 3.44685 222.463 3.38952 232.758 3.42846 235.476 3.44585 221.174 3.34131  \
  251.332 3.44896 238.55 3.4486 246.855 3.43213 335.863 2.20679 259.161 3.14782  \
  301.089 2.9542 252.745 2.98708 286.891 2.91419 297.739 2.92963 273.103 2.9877  \
  278.408 2.95496 300.479 2.89386 287.474 2.90995 267.267 2.97547 303.986 2.92742  \
  300.581 2.95446 302.879 2.9538 309.6 2.88571 295.934 2.97738 318.064 2.91196  \
  313.833 2.92764 307.619 2.87791 341.711 2.92725 306.87 2.954 355.743 2.94217  \
  310.414 2.88465 347.123 2.91861 349.457 2.87294 320.708 3.00371 304.883 2.93698  \
  326.141 2.91374 284.907 2.94572 338.977 2.91086 317.001 2.92617 330.243 2.91788  \
  300.924 2.95702 297.088 2.91943 299.82 3.11842 301.27 2.90974 280.879 2.95762  \
  304.067 2.8766 332.433 2.91569 332.845 2.92699 293.407 2.93947 320.491 2.91161  \
  334.967 2.93585 333.293 2.89799 332.909 2.94089 320.06 2.91103 354.717 2.85777  \
  296.734 2.97138 346.773 2.88175 320.283 2.98927 312.513 2.98412 307.336 2.94644  \
  280.052 2.92432 322.599 2.99993 284.718 2.9854 306.967 2.92265 304.081 2.98402  \
  343.085 2.99687 303.136 2.93787 311.277 2.9004 316.797 2.93043 291.407 2.93395  \
  302.622 2.92205 301.26 3.02683 329.29 2.08964 332.316 3.02301 317.411 2.85273  \
  348.064 2.92876 388.383 2.86944 329.962 2.93131 318.307 2.83848 330.036 2.91711  \
  287.305 2.88519 339.609 2.92653 330.476 2.92238 344.884 2.95339 325.874 2.98893  \
  349.653 2.90935 316.893 2.86614 297.356 2.89225 319.104 2.8987 320.664 2.94346  \
  342.247 2.91495 344.158 2.95616 358.337 2.88386 327.354 2.83841 396.537 2.92619  \
  369.708 2.88261 336.328 2.92947 342.611 2.94059 371.152 2.94567 342.813 2.96514  \
  346.846 2.99301 333.119 2.97724 351.625 2.87144 330.777 2.99911 326.503 2.91544  \
  289.929 2.8366 292.216 2.37215 289.604 2.85738 307.783 2.99408 310.806 2.91544  \
  289.778 2.8141 285.546 2.92361 286.402 2.93774 279.884 2.92606 300.575 2.94771  \
  349.759 2.91584 304.776 2.81649 288.756 2.86636 275.195 2.95856 325.75 3.03291  \
  290.924 2.92206 284.953 2.93899 331.496 2.95247 306.168 2.94596 331.075 2.91187  \
  346.535 3.12282 328.581 2.98152 334.926 2.97915 282.67 2.95411 307.341 2.98371  \
  307.159 3.01453 317.105 2.93543 279.991 2.91389 285.236 3.01425 276.246 2.93214  \
  327.583 2.96783 242.634 2.13339 138.53 3.06584 176.061 3.01512 196.33 2.9684  \
  194.187 2.95642 198.16 3.3506 216.028 4.36909 188.011 3.04766 167.172 3.00536  \
  168.48 2.97999 203.492 3.04792 158.602 3.00198 214.15 3.00025 220.133 2.97962  \
  175.849 2.95616 192.417 2.99426 204.252 2.95287 200.47 2.9871 224.109 3.01217  \
  203.955 2.9856 208.23 2.92559 212.753 2.95428 223.371 2.90546 219.735 2.98045  \
  190.149 3.01013 175.18 2.98334 248.028 3.0208 213.636 3.04532 271.009 2.95889  \
  220.694 2.92856 219.918 2.88765 242.301 2.91628 228.518 2.97324 196.376 2.93215  \
  198.578 2.88004 228.048 2.91554 225.103 2.83488 266.583 2.9011 218.061 2.95943  \
  231.875 2.98845 248.109 2.95342 263.339 2.96311 199.001 2.96753 258.796 2.94736  \
  242.166 2.93639 249.626 2.92733 261.271 2.85353 274.163 2.88816 234.899 2.93313  \
  230.364 2.96668 271.766 2.9118 287.608 2.89995 296.422 2.94405 276.898 2.92945  \
  242.039 2.97187 292.076 3.02576 272.291 2.90388 255.926 3.17793 273.094 3.02733  \
  297.414 2.99245 260.613 2.90243 295.594 2.87514 245.018 2.8903 270.747 2.95873  \
  273.798 2.11358 184.617 2.7786 212.706 2.98242 222.729 2.9158 223.854 3.01507  \
  215.363 2.92612 237.014 2.94903 208.379 2.96149 213.081 3.00245 224.711 2.85309  \
  212.454 2.96386 237.528 2.96564 259.664 2.98061 263.202 2.9739 262.212 2.91235  \
  265.186 2.92892 272.575 2.88937 270.065 2.91053 234.159 2.86891 251.424 2.89026  \
  259.242 2.87059 276.145 2.91887 275.541 2.88432 271.745 2.92358 222.878 2.8592  \
  267.422 2.87417 269.776 2.87879 295.207 2.93146 290.552 2.84719 289.816 2.79833  \
  304.871 2.88852 294.176 2.93173 274.383 2.8117 291.527 2.86296 307.352 2.89068  \
  295.042 2.90557 278.08 2.8394 264.246 2.86187 311.794 2.85657 306.122 2.86802  \
  289.27 2.91055 298.138 2.84987 319.161 2.82803 315.111 2.84361 305.865 2.84216  \
  268.29 2.85178 293.833 2.96472 272.177 2.91511 254.858 2.84522 268.096 2.7771  \
  312.364 2.93176 298.374 2.8675 306.479 2.91732 231.379 2.76641 283.837 2.904  \
  275.395 2.984 283.582 2.95728 282.276 2.87356 270.774 2.96833 283.232 2.81998  \
  251.059 3.01542 259.277 2.92701 291.454 2.90977 253.12 3.00721 282.57 3.68819  \
  266.876 2.64414 298.33 2.88134 302.642 2.97865 278.864 2.95158 330.181 2.91301  \
  265.49 3.00676 268.792 2.9808 248 3.01064 278.657 2.99455 283.406 3.00109  \
  325.883 2.95433 292.798 2.97554 339.144 2.97028 322.334 3.01208 355.617 3.05502  \
  339.504 3.01259 311.28 2.97694 313.844 3.02007 341.629 3.01514 353.097 2.96149  \
  376.13 2.99046 311.452 2.9923 296.342 2.98638 333.586 2.98647 319.46 2.96731  \
  264.63 2.98448 331.032 2.99046 304.935 2.97205 252.091 3.00709 286.315 2.99913  \
  313.792 2.98767 265.506 3.22802 237.478 3.02593 274.752 2.98966 279.981 2.9435  \
  289.957 3.00662 293.272 2.98806 304.262 2.98516 263.653 2.97183 285.232 2.944  \
  268.625 2.99556 294.136 2.98118 318.331 2.98472 287.102 2.97274 312.564 2.98799  \
  296.164 2.99934 298.631 3.03326 260.108 3.01115 288.645 2.99602 310.04 3.02688  \
  260.757 3.01814 281.358 2.9921 317.285 3.01231 284.13 2.97938 290.814 2.93937  \
  239.268 3.0569 232.417 3.04625 292.967 2.98172 203.43 3.02184 255.208 3.05054  \
  179.02 2.97974 210.106 3.02024 203.146 2.99183 373.543 2.05264 403.975 2.19916  \
  408.367 2.19203 378.912 2.2031 411.334 2.21881 396.298 2.19235 422.422 2.20996  \
  417.102 2.16852 405.017 2.20182 423.891 2.19543 404.883 2.2174 416.907 2.26733  \
  460.056 2.74907 383.936 2.53614 3136.83 763.026 1653.33 1956.29 366.395 208.387  \
  440.75 40.4563 379.106 2.71991 409.506 2.85701 412.632 3.16823 432.946 3.90745  \
  404.826 8.77032 384.87 7.87542 378.034 6.18131 351.153 2.26167 409.283 2.28341  \
  372.78 2.32659 368.225 2.30654 382.908 2.27861 346.622 2.28507 384.386 2.26117  \
  369.561 2.23309 351.1 2.22839 370.918 2.27266 371.041 2.2914 366.649 2.29369  \
  351.384 2.24174 347.219 2.29925 337.615 2.28159 334.391 2.27463 355.978 2.30099  \
  358.736 2.30923 357.987 2.29951 339.073 2.31037 384.611 2.29899 370.908 2.31899  \
  355.853 2.29425 372.391 2.32354 331.254 2.32092 370.172 2.2969 357.481 2.33747  \
  317.186 2.32217 320.179 2.30561 362.207 2.34433 359.37 2.34116 307.524 2.31828  \
  329.655 2.29369 302.771 2.31189 302.51 2.38802 370.578 2.3344 336.321 2.36951  \
  316.037 2.36326 318.773 2.34758 322.368 2.01634 365.81 2.63697 382.858 2.67778  \
  362.55 2.6571 374.78 2.64942 361.83 2.66935 386.097 2.68109 387.806 2.64245  \
  368.821 2.60734 353.969 2.65979 388.674 2.72277 399.83 2.61069 373.085 2.76505  \
  419.499 2.64217 392.506 2.67184 376.802 2.76184 356.892 2.77838 380.158 2.68001  \
  427.494 2.65721 373.347 2.67012 367.733 2.63441 366.611 2.70671 357.674 2.66587  \
  360.982 2.6347 339.567 2.62452 346.336 2.66753 340.308 2.6416 375.457 2.65297  \
  371.447 2.66753 329.264 2.65672 333.671 2.6836 355.492 2.67723 365.348 2.65241  \
  390.483 2.67871 336.984 2.64803 353.075 2.64957 384.266 2.69387 408.911 2.68261  \
  356.403 2.72566 349.713 2.65468 381.463 2.74851 361.809 2.71274 375.597 2.68439  \
  363.252 2.74324 387.545 2.64542 382.071 2.75351 385.913 2.65533 376.458 2.70721  \
  350.472 2.68272 380.915 2.65571 383.389 2.71023 374.776 2.67489 353.311 2.62232  \
  350.894 2.66334 342.165 2.65436 309.305 2.67273 301.318 2.66246 312.347 2.61942  \
  319.469 2.65623 341.273 2.65313 330.89 2.65517 329.997 2.6402 305.91 2.7065  \
  318.42 2.67302 266.409 2.17966 264.219 2.28234 244.971 2.30155 276.816 2.33094  \
  265.244 2.34936 267.078 2.3111 309.879 2.3192 274.434 2.32273 286.904 2.30238  \
  288.379 2.3177 329.086 2.32038 288.514 2.27804 249.951 2.32734 298.216 2.34474  \
  280.018 2.33557 300.291 2.33009 292.762 2.34681 270.183 2.35151 271.92 2.35602  \
  282.715 2.32152 269.698 2.3377 232.066 2.31264 309.721 2.32628 280.837 2.35412  \
  268.169 2.36979 233.048 2.32411 304.74 2.32077 303.813 2.35048 249.985 2.31064  \
  336.999 2.34201 269.648 2.33946 298.558 2.31356 266.248 2.28958 266.468 2.31271  \
  316.444 2.32086 309.583 2.34832 292.732 2.33377 305.118 2.34332 301.273 2.31834  \
  277.851 2.32898 311.503 2.31557 276.373 2.332 293.694 2.34283 308.021 2.33686  \
  284.759 2.32161 288.345 2.34144 306.984 2.30514 313.114 2.33325 285.497 2.35956  \
  296.963 2.32307 322.702 2.3348 325.397 2.35838 300.869 2.32809 315.369 2.35191  \
  330.158 2.29634 344.626 2.33796 284.302 2.29836 301.834 2.36688 278.605 2.33619  \
  277.515 2.33571 275.926 2.3209 292.077 2.31112 270.479 2.32692 259.475 2.30179 
footDetNumberPar:  Int_t  2 
footNumberParsFit:  Int_t  2 
footStripNumberPar:  Int_t  640 
