##############################################################################
# Class:   footMappingPar
# Context: FootMappingParContext
##############################################################################
[footMappingPar]
//----------------------------------------------------------------------------
footGeoPar:  Int_t  202307 
footEnevsPosCorrPar:  Float_t \
  0 0 0 0 0 0 0 0 0 0 
footOffsetYPar:  Float_t \
  0 0 
footDistance2targetPar:  Float_t \
  0 0 
footOffsetXPar:  Float_t \
  0 0 
footPolPar:  Int_t  5 
footDetPar:  Int_t  2 
footAngleThetaPar:  Float_t \
  0 0 
footAnglePhiPar:  Float_t \
  0 0 
##############################################################################
##############################################################################
# Class:   footCalPar
# Context: FootCalParContext
##############################################################################
[footCalPar]
//----------------------------------------------------------------------------
footStripCalPar:  Float_t \
  147.391 2.07713 91.9515 2.66936 107.511 2.64704 103.46 2.61889 78.5929 2.64389  \
  118.178 2.63256 129.606 2.58472 163.989 2.60843 118.129 2.56495 123.625 2.63846  \
  132.77 2.58008 144.124 2.60384 155.131 2.58751 148.304 2.69762 164.788 2.62103  \
  137.014 2.67897 130.803 2.56928 172.713 2.63139 172.916 2.59501 199.508 2.61067  \
  139.979 2.63949 203.428 2.63494 183.574 2.62645 194.839 2.60999 194.364 2.59208  \
  182.217 2.58276 176.949 2.5456 155.852 2.60431 189.413 2.62865 159.377 2.5997  \
  199.391 2.5665 163.636 2.61044 174.105 2.60475 159.345 2.6069 158.336 2.59341  \
  162.733 2.54321 170.776 2.61383 165.259 2.61802 153.431 2.62749 150.229 2.62086  \
  128.318 2.71616 138.49 2.65068 163.869 2.58829 165.45 2.61629 112.681 2.67173  \
  136.301 2.66056 116.312 2.63498 143.838 2.62631 129.746 2.66023 140.058 2.6257  \
  137.445 2.58774 141.72 2.65493 158.244 2.56719 148.117 2.63045 167.503 2.6179  \
  158.905 2.63117 159.573 2.58386 104.917 2.64997 137.925 2.63054 142.956 2.64774  \
  116.637 2.62634 137.103 2.64909 124.75 2.6767 133.769 2.60707 340.202 3.02444  \
  317.033 3.49126 286.36 3.1779 312.193 3.17354 317.217 3.19745 290.253 3.25465  \
  325.156 3.20164 302.523 3.17192 318.524 3.21455 327.969 3.20867 340.554 3.26531  \
  332.678 3.19476 358.918 3.21107 364.876 3.23031 335.827 3.22818 346.091 3.28714  \
  341.777 3.21825 355.908 3.19934 353.816 3.25222 312.363 3.21378 367.534 3.19488  \
  341.804 3.17228 368.084 3.23297 331.116 3.2532 331.725 3.23333 357.137 3.23915  \
  353.246 3.27529 399.408 3.21953 365.487 3.20941 407.173 3.17919 390.471 3.21463  \
  336.646 3.19823 371.716 3.29853 379.065 3.20131 409.942 3.15624 417.042 3.15101  \
  393.626 3.22177 379.11 3.19755 359.337 3.19415 405.806 3.17585 358.206 3.20288  \
  367.54 3.17085 388.013 3.20445 367.957 3.20161 379.66 3.192 371.255 3.19235  \
  388.152 3.21312 396.198 3.20437 361.406 3.16828 374.536 3.1882 360.926 3.22539  \
  320.756 3.1886 413.397 3.14249 347.85 3.21693 337.831 3.24251 325.754 3.20358  \
  335.48 3.20422 302.435 3.20044 350.213 3.20154 300.81 3.23151 323.136 3.21917  \
  302.281 3.24546 321.096 3.24063 335.948 3.23871 401.677 2.08782 367.042 2.79204  \
  348.075 2.83528 366.212 2.86864 348.622 2.88004 370.539 2.84271 397.639 2.92592  \
  358.932 2.8553 375.745 2.84569 386.595 2.91704 349.516 2.87128 391.691 2.82764  \
  362.089 2.82527 359.248 2.87452 385.052 2.79888 361.866 2.87298 326.203 2.81014  \
  355.154 2.78592 347.982 2.91547 395.963 2.83336 399.932 2.87622 430.231 2.85328  \
  390.114 2.82747 371.321 2.8358 388.302 2.82866 409.348 2.83745 429.285 2.78319  \
  459.486 2.82473 384.789 2.78734 430.682 2.86405 415.557 2.81139 412.295 2.86987  \
  383.195 2.79153 400.528 2.8247 420.989 2.77764 398.221 2.87501 441.968 2.83138  \
  443.049 2.85213 456.978 2.82958 379.558 2.88243 396.579 2.8466 405.22 2.82276  \
  431.89 2.86969 431.766 2.84416 435.907 2.87753 425.672 2.85991 420.84 2.78895  \
  428.688 2.85493 411.928 2.79987 388.076 2.77937 408.632 2.80952 396.809 2.87166  \
  380.137 2.81486 378.839 2.82492 382.459 2.85584 389.596 2.8762 402.241 2.90496  \
  384.468 2.90954 408.801 2.83679 372.673 2.89225 404.129 2.83141 368.915 2.83592  \
  418.98 2.81542 359.873 2.91127 300.334 2.11682 240.539 2.85133 268.073 2.90831  \
  269.102 2.83239 265.798 2.82506 239.623 2.83139 251.234 2.85053 268.182 2.83694  \
  269.996 2.90392 283.748 2.82629 261.595 2.81282 225.333 2.8193 267.497 2.79316  \
  229.188 2.87066 223.495 2.87208 258.202 2.80224 254.548 2.74519 301.234 2.85308  \
  260.997 2.82145 234.751 2.84282 240.251 2.85866 234.407 2.83141 224.322 2.91177  \
  229.438 2.78904 238.666 2.81322 226.76 2.83915 248.042 2.81217 273.556 2.81458  \
  258.974 2.79903 236.554 2.8119 265.64 2.80735 279.284 2.84084 289.622 2.78059  \
  291.577 2.84727 259.184 2.79201 331.351 2.79276 348.802 2.81281 317.528 2.83029  \
  316.867 2.8371 329.145 2.80958 302.16 2.81361 316.14 2.81253 305.732 2.87081  \
  301.181 2.82696 316.265 2.86929 298.437 2.79602 292.548 2.86209 280.159 2.78976  \
  295.431 2.82093 256.666 2.73908 304.549 2.75373 321.857 2.76101 282.694 2.86162  \
  274.699 2.87511 286.303 2.82102 246.092 2.90121 298.166 2.83739 289.983 2.8241  \
  273.354 2.84368 295.077 2.9126 264.171 2.85956 297.953 2.84791 285.901 2.85809  \
  260.526 2.84713 306.941 2.10332 232.015 2.99092 269.897 2.95845 246.181 2.9463  \
  287.586 2.88074 259.504 2.90616 293.213 2.85206 249.75 2.83808 263.459 2.90447  \
  300.612 2.90137 289.889 2.84267 280.972 2.88991 326.508 2.89396 336.872 2.95225  \
  324.909 2.89007 360.137 2.80635 296.104 2.85568 334.171 2.86008 369.22 2.9188  \
  393.967 2.88147 410.197 2.91156 345.662 2.8644 370.729 2.87906 355.663 2.87653  \
  360.177 2.86014 382.155 2.9007 333.262 2.90637 350.289 2.89299 368.093 2.82925  \
  381.859 2.88555 385.791 2.82682 382.122 2.87885 346.057 2.87642 359.312 2.81854  \
  358.267 2.93804 335.187 2.93582 345.11 2.80754 352.559 2.84535 361.162 2.8424  \
  362.865 2.85738 360.916 2.87698 322.116 2.78747 357.221 2.81436 343.144 2.88552  \
  366.007 2.86164 352.975 2.76658 356.368 2.79643 333.988 2.91272 323.346 2.88393  \
  340.581 2.89039 302.413 2.92585 325.265 2.84132 328.41 2.82357 285.459 2.89868  \
  308.104 2.8397 296.572 2.87707 281.74 2.89172 284.782 2.88288 278.605 2.88838  \
  289.203 2.81701 264.209 2.89926 306.418 2.97729 264.934 2.92662 267.633 2.90791  \
  310.404 2.06675 290.859 2.7655 289.907 2.65269 268.509 2.66068 337.183 2.60432  \
  279.314 2.66552 336.652 2.60935 288.852 2.61774 297.244 2.62848 300.716 2.6679  \
  339.194 2.5382 341.956 2.60536 370.268 2.59945 340.167 2.62638 344.965 2.63303  \
  359.801 2.63784 348.398 2.61814 343.073 2.6032 355.727 2.58503 393.869 2.6217  \
  354.487 2.55788 371.579 2.59621 377.755 2.5435 391.158 8.73754 382.234 2.65476  \
  377.894 2.5862 393.58 2.60995 376.988 2.60875 430.162 2.59532 382.367 2.65224  \
  399.918 2.58916 412.032 2.61824 384.588 2.51811 420.459 2.58056 378.127 2.59292  \
  402.633 2.55578 392.423 2.5635 411.682 2.58703 379.295 2.59939 401.242 2.57559  \
  384.807 2.60101 359.442 2.66057 370.533 2.54915 379.397 2.65244 368.097 2.55095  \
  388.85 2.57849 395.68 2.59316 400.222 2.61969 407.471 2.54894 405.298 2.57414  \
  436.351 2.58634 440.843 2.5881 431.263 2.56094 463.638 2.53546 471.742 2.52134  \
  466.836 2.55957 428.783 2.6076 431.271 2.57955 414.746 2.52967 451.163 2.54939  \
  480.519 2.50633 444.682 2.52392 432.95 2.55026 435.128 2.55811 349.608 3.05927  \
  304.999 2.96994 312.038 3.1137 308.725 3.11297 320.164 3.13397 324.319 3.10757  \
  326.587 3.16457 372.564 3.12674 343.602 3.15912 370.242 3.10554 377.031 3.1067  \
  341.927 3.18684 420.833 3.14588 407.922 3.07072 402.046 3.11545 371.776 3.17273  \
  350.338 3.08494 367.359 3.13936 384.141 3.09143 361.977 3.16583 368.636 3.11599  \
  352.864 3.08012 412.707 3.07522 393.446 3.04077 334.887 3.15741 328.514 3.11197  \
  334.958 3.11295 337.423 3.11503 322.539 3.15994 335.813 3.10317 304.275 3.08401  \
  300.196 3.21249 357.547 3.08734 286.133 3.16317 334.958 3.16707 313.505 3.10544  \
  315.647 3.13955 302.569 3.12039 313.151 3.08269 308.429 3.15471 260.535 3.09686  \
  285.301 3.1491 323.997 3.14871 297.59 3.16386 268.73 3.17327 345.921 3.19881  \
  345.544 3.12598 351.955 3.16364 297.625 3.16027 297.828 3.0693 312.541 3.12931  \
  318.929 3.16422 316.056 3.15482 339.861 3.10956 283.418 3.14055 327.295 3.15576  \
  295.674 3.17635 283.425 3.18456 329.97 3.21846 309.43 3.1149 298.824 3.13664  \
  258.904 3.12023 288.692 3.07062 295.551 3.16266 324.615 2.22624 256.35 2.76398  \
  284.644 2.80541 276.907 2.74276 274.816 2.78311 300.822 2.74215 339.375 2.72618  \
  289.608 2.77684 295.749 2.73218 347.301 2.73152 341.454 2.76984 342.904 2.73893  \
  284.717 2.73907 318.927 2.7718 376.973 2.73134 355.648 2.7568 358.982 2.79247  \
  337.74 2.74079 348.766 2.77403 338.462 2.75267 370.716 2.72482 336.978 2.72897  \
  323.317 2.68573 339.209 2.68956 336.763 2.76651 349.763 2.75779 367.888 2.7551  \
  342.73 2.71 351.92 2.72613 380.474 2.75436 316.443 2.76449 349.999 2.77598  \
  335.916 2.76439 318.396 2.75785 355.401 2.74055 370.243 2.78823 328.827 2.72836  \
  347.37 2.74185 395.398 2.78128 347.093 2.71451 371.918 2.7517 345.023 2.77952  \
  340.034 2.74863 362.044 2.73108 388.222 2.77509 344.798 2.72843 362.794 2.7485  \
  351.227 2.67514 312.429 2.79978 312.112 2.73637 332.336 2.73159 317.663 2.7658  \
  299.59 2.77348 293.311 2.78099 293.497 2.7781 305.517 2.8068 305.775 2.76618  \
  265.028 2.78892 267.331 2.78469 279.919 2.79827 288.971 2.79124 276.036 2.81699  \
  276.842 2.87249 232.579 2.82499 336.448 2.08653 347.983 2.8329 340.186 2.87454  \
  305.879 2.81303 303.355 2.83962 322.513 2.83156 366.61 2.81118 381.965 2.88555  \
  351.557 2.76718 365.155 2.79467 347.673 2.82642 380.591 2.88939 350.571 2.78684  \
  388.974 2.78229 365.881 2.75548 393.738 2.81865 371.742 2.79058 353.935 2.71396  \
  368.844 2.74663 348.966 2.7624 343.32 2.80605 344.796 2.74803 342.587 2.8311  \
  359.024 2.78363 345.568 2.77749 321.181 2.77194 354.06 2.78202 329.459 2.81013  \
  376.866 2.76803 365.268 2.8114 314.6 2.79129 319.913 2.82522 325.318 2.80099  \
  358.978 2.79702 390.484 2.78527 354.461 2.78374 354.07 2.75359 358.498 2.79548  \
  348.074 2.77351 406.423 2.7745 388.041 2.82848 373.865 2.8073 398.915 2.78847  \
  380.954 2.82423 394.883 2.77756 425.59 2.81211 377.771 2.83553 373.127 2.79356  \
  399.812 2.82371 382.029 2.76049 342.638 2.77558 367.491 2.82155 400.223 2.77338  \
  405.649 2.82536 348.491 2.71125 403.577 2.80924 376.358 2.79723 344.826 2.77701  \
  389.148 2.77574 385.329 2.80782 414.41 2.73807 357.143 2.83952 367.004 2.81595  \
  391.553 2.81111 302.044 2.14669 274.477 2.94326 278.722 2.8455 330.405 2.80543  \
  249.173 2.7531 277.289 2.87368 294.965 2.77747 294.518 2.83223 293.349 2.7646  \
  299.618 2.81478 291.066 2.81411 287.003 2.79006 256.439 2.74927 340.031 2.80755  \
  276.568 2.87208 293.098 2.84052 308.646 2.72056 326.485 2.87858 357.362 2.81006  \
  322.034 2.82407 288.096 2.76917 294.876 2.83798 308.743 2.88611 284.29 2.82956  \
  278.719 2.73928 289.872 2.81635 281.628 2.81704 324.418 2.72568 289.958 2.80405  \
  284.703 2.75706 293.202 2.79033 302.248 2.82781 303.338 2.78266 285.552 2.82965  \
  312.884 2.77367 327.53 2.82687 339.729 2.77446 357.829 2.75172 287.733 2.78882  \
  329.839 2.7727 283.69 2.75219 287.949 2.73483 291.671 2.8234 267.76 2.82379  \
  286.179 2.81004 248.661 2.77514 271.257 2.86152 267.598 2.78859 239.751 2.85306  \
  221.299 2.80953 259.019 2.71954 249.523 2.87355 278 2.84057 324.671 2.8361  \
  281.076 2.82575 265.559 2.79715 272.794 2.8056 228.717 2.79901 200.863 2.80847  \
  249.267 2.80446 280.797 2.81362 255.884 2.71525 253.395 2.74273 236.464 2.77367  \
  225.313 2.07095 184.829 3.11498 196.991 3.09774 189.18 3.12674 228.198 3.07995  \
  238.732 3.14603 217.076 3.09118 252.894 3.07051 237.94 3.10973 212.589 3.07684  \
  279.958 3.05875 248.65 3.06726 263.094 3.07222 341.44 3.01819 296.033 3.05572  \
  342.601 2.93105 310.129 3.07895 301.9 2.98101 320.065 3.05659 324.354 2.96676  \
  340.836 3.01704 349.938 2.99167 309.187 2.97064 306.113 2.93938 288.325 3.06557  \
  296.132 3.00399 326.457 3.01496 278.763 3.09955 286.257 3.02724 283.396 3.0224  \
  296.246 3.0489 310.303 2.95802 244.023 3.07358 277.626 2.99961 277.888 3.01693  \
  252.908 3.06476 220.608 3.05923 267.415 3.07117 243.375 3.05366 256.783 3.04027  \
  277.959 3.0299 243.668 3.09777 249.649 3.05149 244.534 3.05713 263.278 3.04422  \
  231.18 2.99553 275.776 3.04531 272.04 3.03879 241.645 3.06941 217.814 3.00266  \
  259.595 3.02321 248.242 3.04366 303.105 2.9795 251.616 3.04282 248.307 3.06701  \
  219.763 3.04158 215.522 3.05308 189.943 3.06612 186.568 3.10643 191.269 3.11811  \
  149.162 3.0464 162.221 3.12325 154.702 3.12272 126.23 3.07221 280.025 2.90543  \
  234.325 3.64014 295.246 3.61636 281.212 3.62287 294.235 3.5063 298.385 3.52481  \
  258.113 3.59618 261.891 3.51741 267.133 3.66725 290.519 3.48627 268.852 3.63317  \
  267.857 3.57522 230.019 3.55195 305.35 3.48619 296.431 3.54644 298.212 3.61872  \
  312.343 3.48544 302.102 3.59143 268.203 3.6129 285.062 3.70791 290.598 3.49834  \
  253.946 3.5922 283.111 3.5512 313.455 3.52972 313.378 3.56549 282.862 3.56467  \
  271.485 3.51426 290.98 3.50733 264.005 3.55235 234.084 3.55253 221.918 3.56871  \
  241.506 3.60543 268.426 3.55928 249.617 3.58624 230.485 3.54913 243.809 3.54774  \
  270.544 3.52896 279.862 3.60188 301.061 3.53425 218.216 3.47746 273.934 3.50745  \
  245.531 3.53939 247.978 3.50848 268.431 3.55314 251.869 3.57137 292.171 3.55362  \
  258.767 3.47148 281.695 3.61775 235.778 3.6306 9736.41 3299.16 288.941 3.44947  \
  258.982 3.55842 268.674 3.60511 230.048 3.56315 227.389 3.58072 255.076 3.63538  \
  220.504 3.62798 222.222 3.54658 232.454 3.61155 235.153 3.58826 220.965 3.62043  \
  251.214 3.58347 238.382 3.60435 246.685 3.51735 336.246 2.23597 259.034 3.41589  \
  301.254 3.22156 252.826 3.21237 286.945 3.18489 297.863 3.10744 273.105 3.20397  \
  278.515 3.16776 300.568 3.21312 287.505 3.16203 267.381 3.21212 304.269 3.19679  \
  301.019 3.19646 303.238 3.18137 310.076 3.19731 296.317 3.16585 318.391 3.18173  \
  314.274 3.22786 307.917 3.15705 342.14 3.13681 307.225 3.19172 356.079 3.16747  \
  310.753 3.18063 347.582 3.15902 349.812 3.18201 321.108 3.20623 305.204 3.15758  \
  326.437 3.16509 285.224 3.26806 339.231 3.12727 317.228 3.18758 330.118 3.18738  \
  300.755 3.21174 296.761 3.17628 299.524 4.39327 301.113 3.1855 280.759 3.23033  \
  303.988 3.15673 332.597 3.14132 333.023 3.1644 293.723 3.20531 320.918 3.18155  \
  335.451 3.21032 333.717 3.1806 333.237 3.18195 320.38 3.19422 355.198 3.13912  \
  297.219 3.28286 347.352 3.10669 320.743 3.20875 312.905 3.24412 307.541 3.29028  \
  280.16 3.18727 322.746 3.23412 284.941 3.22592 307.121 3.19821 304.21 3.2905  \
  343.259 3.19219 303.274 3.23139 311.446 3.25357 316.933 3.24042 291.577 3.23266  \
  302.772 3.17949 301.541 3.28849 329.47 2.12268 331.73 3.19657 317.435 3.12045  \
  347.949 3.17936 388.304 3.18484 329.915 3.15404 318.16 3.11313 330.074 3.16184  \
  287.262 3.16064 339.556 3.13249 330.357 3.12593 344.809 3.20431 325.867 3.16316  \
  349.611 3.17208 316.851 3.15793 297.329 3.15598 319.066 3.12811 320.687 3.09819  \
  342.266 3.14305 344.317 3.17643 358.559 3.14596 327.441 3.10329 396.74 3.15645  \
  369.888 3.09864 336.517 3.19056 342.596 3.18086 371.007 3.14967 342.781 3.16447  \
  346.933 3.19188 332.984 3.17198 351.514 3.07575 330.762 3.16747 326.377 3.14875  \
  289.736 3.15394 291.993 2.45345 289.398 3.13264 307.637 3.24372 310.694 3.20116  \
  289.726 3.15338 285.275 3.29354 286.385 3.20434 279.806 3.20805 300.509 3.18314  \
  349.708 3.18183 304.704 3.18313 288.79 3.15699 275.297 3.26687 325.697 3.21927  \
  290.87 3.16631 285.048 3.12345 331.679 3.17565 306.419 3.14931 331.25 3.17079  \
  346.803 3.22316 328.802 3.19227 335.078 3.14084 282.713 3.21654 307.477 3.2123  \
  307.271 3.22046 317.125 3.23745 279.885 3.21563 284.984 3.25427 276.097 3.13419  \
  327.369 3.22229 242.615 2.17215 138.571 3.27917 175.942 3.30144 196.322 3.22262  \
  194.28 3.22655 198.085 3.26188 216.106 3.25284 187.831 3.21625 166.978 3.24314  \
  168.381 3.27708 203.508 3.26653 158.629 3.28395 214.396 3.24052 220.394 3.23363  \
  176.021 3.25169 192.752 3.23636 204.373 3.16657 200.707 3.26274 224.35 3.16934  \
  204.031 3.24081 208.429 3.13596 212.906 3.19126 223.611 3.19935 219.861 3.25672  \
  190.241 3.2494 175.375 3.2582 248.182 3.24912 213.866 3.24188 271.108 3.20708  \
  220.653 3.20593 219.862 3.23506 242.261 3.26789 228.436 3.26269 196.42 3.27499  \
  198.459 3.1639 227.936 3.2349 224.977 3.20531 266.366 3.26171 217.869 3.22587  \
  231.653 3.28359 248.001 3.1496 263.096 3.16653 199.199 3.22814 258.889 3.26599  \
  242.396 3.23332 249.763 3.13746 261.558 3.23547 274.584 3.19707 235.155 3.21657  \
  230.556 3.16598 272.027 3.1952 287.755 3.22599 296.739 3.24064 277.013 3.18855  \
  242.142 3.18409 292.051 3.19086 272.423 3.16006 256.027 3.38611 273.13 3.16243  \
  297.568 3.15919 260.723 3.17042 295.522 3.13632 245.049 3.17998 270.784 3.23744  \
  273.76 2.0773 184.723 2.76179 212.569 3.30475 222.759 3.21729 223.671 3.27793  \
  215.425 3.22624 236.933 3.23752 208.262 3.28418 212.929 3.32765 224.553 3.17042  \
  212.228 3.28253 237.424 3.23996 259.707 3.26239 263.305 3.28094 262.396 3.2128  \
  265.431 3.29691 272.605 3.21289 270.133 3.2832 234.107 3.22687 251.417 3.24807  \
  259.224 3.29646 276.083 3.23246 275.399 3.1574 271.461 3.28562 222.613 3.20421  \
  267.268 3.32256 269.526 3.17152 295.018 3.23296 290.25 3.20681 289.578 3.1746  \
  304.564 3.2593 293.889 3.23109 274.009 3.17391 291.348 3.13516 307.167 3.23274  \
  294.812 3.28279 277.849 3.25949 264.066 3.22739 311.58 3.21342 306.021 3.19882  \
  289.092 3.25764 297.964 3.25768 318.905 3.15757 314.931 3.27027 305.569 3.20375  \
  267.983 3.11255 293.578 3.25367 272.015 3.20583 254.654 3.27076 267.956 3.20161  \
  312.26 3.22502 298.373 3.1859 306.447 3.23633 231.429 2.76989 283.808 3.14887  \
  275.275 3.26829 283.544 3.21763 282.19 3.12956 270.729 3.29026 283.295 3.14748  \
  250.991 3.38306 259.213 3.30663 291.362 3.23644 253.065 3.36075 282.252 3.66237  \
  267.421 2.84438 298.872 2.72557 303.113 2.74027 279.209 2.76053 330.549 2.73945  \
  265.849 2.72652 268.942 2.7919 248.291 2.75786 279.138 2.7438 283.938 2.77382  \
  326.455 2.69976 293.566 2.7568 339.865 2.70504 323.076 2.70566 356.18 2.77051  \
  340.177 2.87068 311.844 2.77708 314.401 2.73328 342.065 2.77304 353.701 2.6873  \
  376.68 2.74623 311.913 2.7222 296.812 2.74897 334.134 2.75891 319.934 2.71551  \
  265.061 2.75786 331.363 2.79672 305.227 2.73202 252.427 2.78103 286.628 2.7525  \
  314.048 2.77363 266.004 3.05344 237.6 2.77676 275.011 2.72242 280.233 2.7346  \
  290.253 2.73287 293.606 2.7194 304.693 2.74798 263.995 2.71058 285.552 2.67303  \
  269.075 2.74904 294.5 2.70714 318.8 2.74292 287.56 2.72109 313.11 2.71129  \
  296.711 2.75715 299.228 2.7953 260.699 2.72062 289.256 2.72032 310.542 2.76031  \
  261.439 2.75768 282.063 2.73932 317.969 2.73992 284.833 2.76179 291.394 2.7365  \
  239.866 2.76072 233.075 2.78299 293.683 2.69227 203.966 2.69756 255.756 2.78004  \
  179.304 2.71935 210.484 2.76335 203.566 2.75498 373.499 2.04782 403.889 2.17362  \
  408.219 2.2832 378.859 2.27578 411.175 2.29273 396.221 2.28909 422.277 2.29872  \
  417.032 2.32174 405.035 2.32346 424.114 2.30057 405.331 2.29181 417.795 2.30065  \
  462.594 2.28712 400.248 2.29307 422.221 2.56338 -14181.9 13858.1 417.304 0.0897136  \
  435.424 2.31071 403.997 2.31433 429.736 2.34726 427.801 2.40792 442.906 2.36267  \
  404.152 2.3821 384.43 2.34503 373.951 2.36937 350.63 2.34854 408.618 2.37287  \
  371.846 2.4132 367.31 2.42551 382.045 2.38696 345.92 2.33068 383.644 2.39922  \
  368.897 2.38952 350.388 2.36708 370.054 2.3956 370.314 2.42747 366.032 2.39459  \
  350.963 2.42513 346.877 2.42023 337.243 2.38402 334.151 2.44116 355.747 2.40999  \
  358.621 2.42731 357.805 2.4069 338.837 2.41459 384.673 2.43316 370.811 2.43755  \
  355.719 2.44339 372.195 2.44571 331.103 2.46204 370.193 2.47931 357.38 2.47795  \
  317.036 2.4179 320.096 2.43787 362.014 2.49459 359.085 2.4849 307.161 2.44986  \
  329.105 2.48588 302.168 2.49929 301.992 2.4743 369.969 2.5037 335.746 2.51044  \
  315.509 2.48425 318.222 2.51425 322.278 2.07659 365.666 2.92427 382.788 2.93996  \
  362.518 2.9095 374.632 2.84552 361.88 2.91638 386.213 3.00224 388.1 2.90303  \
  369.207 2.90802 354.503 2.944 389.065 2.99985 400.345 2.92738 373.504 3.02138  \
  419.941 2.91609 392.798 2.90307 376.75 3.12966 357.184 3.26706 380.381 2.91572  \
  427.72 2.92805 373.625 2.86708 367.836 2.97756 366.675 3.00153 357.676 2.95031  \
  361.055 2.87012 339.542 2.86906 346.409 2.95379 340.319 2.84974 375.506 2.86158  \
  371.538 2.91885 329.362 2.92788 333.725 2.90604 355.503 2.94196 365.358 2.89891  \
  390.549 2.92826 337.058 2.92425 353.142 2.91778 384.297 3.03148 409.089 2.94783  \
  356.487 3.03019 349.784 2.92691 381.629 2.93145 361.734 2.94818 375.752 2.93762  \
  363.358 2.9182 387.713 2.89591 382.214 3.01918 386.221 2.88124 376.704 2.93177  \
  350.693 2.95121 381.262 2.90488 383.857 2.96318 375.129 2.94663 353.693 2.94983  \
  351.214 2.9325 342.521 2.97492 309.584 2.91295 301.458 2.92585 312.443 2.86739  \
  319.566 2.93019 341.303 2.96575 330.878 2.87374 330.042 2.89971 305.787 2.93707  \
  318.394 2.90744 266.273 2.18346 263.85 2.22465 244.738 2.33657 276.475 2.29665  \
  264.987 2.30935 266.802 2.28434 309.475 2.29872 274.061 2.3111 286.576 2.28336  \
  288.088 2.29527 329.017 2.30638 288.402 2.26685 250 2.33536 298.327 2.30735  \
  280.067 2.30671 300.287 2.3411 292.679 2.31676 270.193 2.3302 271.813 2.3017  \
  282.56 2.29859 269.47 2.35299 231.774 2.31525 309.535 2.32661 280.577 2.32345  \
  267.912 2.30331 232.699 2.26304 304.428 2.34625 303.645 2.34105 249.601 2.30181  \
  336.705 2.29211 269.334 2.3363 298.167 2.32368 265.89 2.31505 266.103 2.35381  \
  316.082 2.27858 309.145 2.32146 292.373 2.29179 304.754 2.3412 300.828 2.31744  \
  277.559 2.30495 311.256 2.3641 276.059 2.24346 293.51 2.33591 307.595 2.27843  \
  284.522 2.33683 288.019 2.2889 306.712 2.27701 312.944 2.28513 285.359 2.29221  \
  296.915 2.28476 322.639 2.30856 325.383 2.31201 300.831 2.32367 315.401 2.31587  \
  330.153 2.31645 344.618 2.29099 284.296 2.33164 301.935 2.31863 278.516 2.30866  \
  277.313 2.31159 275.538 2.31722 291.775 2.32268 270.098 2.30629 259.044 2.28503 
footDetNumberPar:  Int_t  2 
footNumberParsFit:  Int_t  2 
footStripNumberPar:  Int_t  640 
