##############################################################################
# Class:   footMappingPar
# Context: FootMappingParContext
##############################################################################
[footMappingPar]
//----------------------------------------------------------------------------
footGeoPar:  Int_t  202307 
footEnevsPosCorrPar:  Float_t \
  0 0 0 0 0 0 0 0 0 0 
footOffsetYPar:  Float_t \
  0 0 
footDistance2targetPar:  Float_t \
  0 0 
footOffsetXPar:  Float_t \
  0 0 
footPolPar:  Int_t  5 
footDetPar:  Int_t  2 
footAngleThetaPar:  Float_t \
  0 0 
footAnglePhiPar:  Float_t \
  0 0 
##############################################################################
##############################################################################
# Class:   footCalPar
# Context: FootCalParContext
##############################################################################
[footCalPar]
//----------------------------------------------------------------------------
footStripCalPar:  Float_t \
  147.332 2.09898 91.9616 2.68282 107.12 2.6469 103.157 2.58011 78.284 2.56428  \
  117.812 2.79864 129.309 2.74812 163.485 2.61717 117.77 2.61025 123.272 2.62835  \
  132.579 2.60728 143.814 2.49201 154.911 2.5483 148.097 2.63874 164.65 2.60618  \
  136.781 2.61539 130.72 2.52421 172.727 2.52952 172.783 2.55627 199.358 2.57416  \
  139.912 2.49206 203.25 2.57202 183.427 2.61175 194.78 2.5332 194.318 2.52422  \
  182.168 2.54865 176.77 2.51209 155.869 2.55855 189.311 2.59971 159.236 2.55589  \
  199.244 2.53953 163.71 2.58067 174.119 2.60169 159.362 2.57948 158.222 2.55718  \
  162.692 2.48601 170.755 2.57908 165.168 2.55954 153.389 2.54643 150.088 2.58166  \
  128.205 2.59065 138.446 2.58032 163.784 2.54432 165.359 2.56297 112.545 2.55774  \
  136.27 2.58819 116.251 2.53182 143.682 2.60321 129.452 3.0113 139.903 2.62023  \
  137.114 2.60042 141.447 2.6207 157.928 2.56045 147.691 2.5289 166.973 2.58172  \
  158.511 2.58963 159.045 2.51243 104.511 2.57651 137.415 2.59258 142.517 2.58058  \
  116.305 2.64357 136.827 2.61308 124.486 2.67048 133.574 2.55831 340.821 3.25183  \
  319.113 3.56882 287.515 3.9919 313.199 3.95676 318.345 3.92028 291.28 3.93137  \
  326.232 4.00284 303.62 3.97342 319.619 3.95305 328.785 3.92807 341.397 3.95041  \
  333.53 3.96911 359.821 3.99907 365.761 3.9426 336.906 3.90412 346.981 4.0096  \
  342.676 3.99136 356.842 3.95078 354.873 3.92974 313.291 3.97017 368.506 3.97915  \
  342.785 3.96791 369.113 3.96638 332.196 3.90301 332.866 3.90762 358.363 3.89408  \
  354.224 3.93434 400.626 3.97468 366.528 3.90473 408.348 3.88994 391.536 3.94902  \
  337.725 3.95865 372.972 3.95831 380.281 3.98917 411.04 3.98733 418.143 3.89671  \
  394.768 3.90498 380.206 3.87233 360.407 3.90184 406.712 3.9943 359.147 3.91302  \
  368.472 3.9241 388.914 3.91336 368.765 3.94666 380.655 3.9805 372.097 3.97446  \
  389.099 3.89274 396.997 3.98242 362.303 3.93279 375.42 3.90883 361.611 3.90731  \
  321.52 3.97909 414.209 3.95652 348.656 3.94418 338.639 3.96387 326.663 3.95149  \
  336.454 3.99544 303.489 3.90087 351.368 3.91176 301.87 3.91386 324.29 3.89132  \
  303.383 3.97034 322.128 3.93646 337.019 4.0181 401.804 2.09241 367.383 2.85373  \
  347.959 2.68025 366.159 2.70114 348.55 2.72157 370.63 2.76711 397.365 2.70105  \
  358.797 2.75322 375.549 2.73882 386.517 2.6782 349.526 2.68939 391.612 2.68088  \
  362.039 2.6726 359.212 2.73615 384.957 2.64023 361.916 2.69332 326.348 2.64295  \
  355.083 2.62194 348.067 2.7026 395.855 2.62078 399.824 2.67551 429.952 2.63689  \
  389.793 2.67079 370.956 2.64895 388.133 2.6753 409.046 2.62314 429.193 2.70668  \
  459.261 2.64056 384.643 2.64886 430.565 2.71885 415.604 2.59484 412.238 2.66038  \
  383.22 2.62737 400.363 2.6731 421.043 2.65697 398.159 2.7359 441.832 2.67621  \
  442.976 2.67054 456.842 2.66118 379.508 2.67914 396.569 2.70286 405.046 2.72209  \
  431.763 2.67762 431.48 2.63687 435.595 2.62243 425.376 2.69463 420.575 2.62774  \
  428.335 2.64997 411.73 2.84668 387.819 2.7421 408.475 2.64972 396.547 2.66085  \
  380.004 2.69849 378.641 2.68202 382.462 2.7184 389.549 2.77025 402.271 2.73612  \
  384.385 2.76638 408.647 2.763 372.638 2.71801 404.04 2.66944 368.903 2.67448  \
  418.888 2.63477 359.971 2.71425 300.26 2.13294 240.183 2.73832 267.445 2.6588  \
  268.737 2.59102 265.141 2.65756 239.012 2.67628 250.483 2.58995 267.378 2.59616  \
  269.298 2.66578 283.082 2.66218 260.974 2.6132 224.699 2.59092 267.104 2.63298  \
  228.773 2.62547 223.065 2.6112 257.786 2.57721 254.197 2.54203 300.809 2.62141  \
  260.599 2.63141 234.493 2.62595 240.006 2.61974 234.167 2.59834 223.985 2.63409  \
  229.141 2.6156 238.38 2.62446 226.422 2.59396 247.679 2.63862 273.188 2.5407  \
  258.586 2.5305 236.206 2.63311 265.154 2.62138 278.833 2.6337 289.182 2.55698  \
  291.085 2.59127 258.857 2.54146 330.936 2.57738 348.538 2.58052 317.252 2.59028  \
  316.563 2.65024 328.753 2.62489 301.842 2.66001 315.763 2.65681 305.259 2.62713  \
  300.793 2.59029 315.903 2.58665 297.936 2.58101 292.05 2.6213 279.689 2.56153  \
  294.917 2.59612 256.273 2.49833 304.182 2.52033 321.342 2.5572 282.289 2.58716  \
  274.207 2.63324 285.637 2.58897 245.544 2.62536 297.543 2.63858 289.425 2.55645  \
  272.769 2.59181 294.531 2.61102 263.639 2.66425 297.437 2.64326 285.348 2.62443  \
  259.942 2.64552 306.99 2.09725 231.439 2.75332 269.833 2.91557 246.282 2.89066  \
  287.73 2.87739 259.44 2.85491 293.135 2.79027 249.717 2.75293 263.537 2.79225  \
  300.664 2.81559 289.856 2.81123 280.955 2.80175 326.462 2.78001 336.83 2.78602  \
  324.805 2.7416 359.974 2.74847 295.89 2.76289 334.055 2.80083 368.936 2.75016  \
  393.819 2.78649 409.907 2.785 345.618 2.75558 370.7 2.76506 355.635 2.73483  \
  360.08 2.78202 381.985 2.78401 333.192 2.83065 350.246 2.8445 368.099 2.72482  \
  381.855 2.90424 385.901 2.76703 382.117 2.80136 346.099 2.78393 359.274 2.71958  \
  358.157 2.83644 335.271 2.85111 345.222 2.75473 352.546 2.69281 361.113 2.75229  \
  362.761 2.81063 360.826 2.82653 322.045 2.70879 357.102 2.74216 343.002 2.6874  \
  365.793 2.76018 352.791 2.73825 356.167 2.67943 333.854 2.78348 323.09 2.73822  \
  340.356 2.82011 302.233 2.8309 325.051 2.75869 328.16 2.75931 285.264 2.76931  \
  307.98 2.75471 296.459 2.75633 281.724 2.81177 284.899 2.81325 278.711 2.90091  \
  289.211 2.80396 264.164 2.81621 306.442 2.81126 265.016 2.9287 267.697 2.88298  \
  310.287 2.04025 290.706 2.67244 289.739 2.54651 268.324 2.57056 336.977 2.52478  \
  279.087 2.54342 336.543 2.51878 288.664 2.5607 297.029 2.5486 300.579 2.58004  \
  338.891 2.46874 341.703 2.49847 369.849 2.44411 339.809 2.55755 344.549 2.57929  \
  359.437 2.58768 347.921 2.5166 342.792 2.47051 355.414 2.48828 393.619 2.48379  \
  354.292 2.45517 371.264 2.58843 377.459 2.49886 390.917 56.496 381.962 2.5719  \
  377.747 2.50885 393.419 2.5255 376.883 2.56988 429.985 2.51682 382.196 2.54255  \
  399.738 2.52578 411.867 2.53485 384.596 2.55207 420.237 2.55831 377.894 2.5357  \
  402.459 2.5189 392.15 2.47602 411.388 2.48346 379.115 2.55328 400.985 2.49978  \
  384.504 2.49428 359.144 2.58795 370.229 2.4656 379.17 2.53408 367.817 2.51545  \
  388.54 2.54268 395.42 2.53395 399.914 2.50309 407.192 2.51803 404.968 2.50868  \
  436 2.49857 440.425 2.51103 430.864 2.48337 463.281 2.48759 471.191 2.46061  \
  466.473 2.47176 428.566 2.51741 431.16 2.51751 414.572 2.47109 450.96 2.46278  \
  480.244 2.46221 444.492 2.50192 432.77 2.453 434.88 2.51277 350.172 3.31947  \
  307.933 4.37819 313.936 4.24906 310.382 4.17584 321.849 4.17863 325.889 4.18691  \
  328.029 4.21192 374.043 4.16425 345.06 4.16776 371.637 4.13822 378.441 4.20798  \
  343.404 4.15898 422.319 4.11361 409.318 4.15783 403.584 4.14389 373.314 4.21196  \
  351.707 4.08261 369.02 4.14426 385.781 4.11495 363.593 4.19165 370.165 4.16297  \
  354.451 4.12515 414.295 4.12728 395.058 4.14729 336.488 4.10595 330.288 4.06851  \
  336.72 4.16383 339.086 4.1227 324.061 4.17675 337.55 4.21413 305.841 4.18677  \
  301.851 4.15205 359.17 4.21318 287.867 4.15356 336.511 4.22226 315.029 4.18163  \
  317.217 4.187 304.103 4.15561 314.685 4.10394 309.927 4.15357 262.143 4.18409  \
  286.965 4.18009 325.52 4.19704 299.086 4.17513 270.225 4.1606 347.435 4.16296  \
  347.062 4.1226 353.303 4.27116 299.052 4.16664 299.153 4.19521 313.898 4.19934  \
  320.405 4.22699 317.428 4.1872 341.326 4.12161 284.819 4.19832 328.768 4.2105  \
  297.115 4.15415 285.012 4.164 331.55 4.17073 311.148 4.16096 300.467 4.26318  \
  260.647 4.17608 290.175 4.15467 297.239 4.19248 324.765 2.24066 256.999 2.79691  \
  284.791 2.7274 277.019 2.67583 275.014 2.67177 300.928 2.63441 339.525 2.68863  \
  289.762 2.65924 295.993 2.70187 347.462 2.69315 341.596 2.69813 342.951 2.6714  \
  284.796 2.68996 318.999 2.6981 377.087 2.67767 355.598 2.66376 358.908 2.67685  \
  337.708 2.63361 348.595 2.66319 338.396 2.68628 370.745 2.66742 336.812 2.64501  \
  323.224 2.64779 339.121 2.58958 336.764 2.69162 349.772 2.68273 367.932 2.62249  \
  342.835 2.64126 351.825 2.68504 380.611 2.69007 316.569 2.67151 350.057 2.64152  \
  336.229 2.72614 318.597 2.64328 355.446 2.65084 370.388 2.66259 329.068 2.68096  \
  347.291 2.65305 395.363 2.64584 347.109 2.62649 371.809 2.69956 345.004 2.69491  \
  340.021 2.73961 361.976 2.72782 388.108 2.73989 344.737 2.66176 362.769 2.65483  \
  351.199 2.60698 312.33 2.65924 312.106 2.67265 332.474 2.63735 317.756 2.71959  \
  299.767 2.72178 293.474 2.62772 293.6 2.65051 305.711 2.73324 306.01 2.67935  \
  265.21 2.72726 267.48 2.704 280.128 2.68148 289.028 2.70116 276.267 2.71303  \
  277.021 2.72358 232.788 2.7504 336.419 2.0838 347.992 2.69627 340.057 2.72112  \
  305.876 2.6615 303.456 2.70248 322.571 2.64721 366.516 2.67468 381.808 2.68318  \
  351.541 2.60126 365.156 2.7072 347.62 2.68638 380.511 2.67446 350.453 2.62142  \
  388.903 2.63861 365.66 2.625 393.559 2.64758 371.496 2.65066 353.731 2.58843  \
  368.565 2.64629 348.979 2.6459 343.2 2.67584 344.684 2.60325 342.468 2.71373  \
  358.93 2.72096 345.745 2.67182 321.367 2.67364 354.247 2.65003 329.713 2.63886  \
  377.131 2.63454 365.513 2.66015 314.924 2.64614 320.273 2.6944 325.567 2.64355  \
  359.152 2.63863 390.462 2.65334 354.37 2.65396 353.906 2.59912 358.394 2.64013  \
  347.903 2.6505 406.236 2.64345 387.962 2.64541 373.699 2.66933 398.723 2.65122  \
  380.913 2.71277 394.66 2.74508 425.368 2.68125 377.546 2.70975 373.004 2.6758  \
  399.525 2.76058 381.854 2.716 342.478 2.7143 367.332 2.70967 400.389 2.65089  \
  405.61 2.69 348.478 2.64195 403.612 2.60448 376.353 2.67825 344.867 2.69016  \
  389.126 2.70528 385.338 2.65569 414.26 2.64443 357.089 2.78972 367.005 2.77304  \
  391.567 2.72224 302.107 2.10752 274.461 2.82521 278.918 2.7288 330.537 2.68563  \
  249.407 2.66814 277.357 2.64079 295.14 2.6514 294.605 2.85554 293.562 2.65617  \
  299.84 2.72114 291.18 2.70204 287.046 2.71371 256.618 2.65557 339.886 2.66764  \
  276.609 2.72568 293.198 2.71408 308.669 2.63448 326.407 2.7945 357.194 2.68094  \
  322.192 2.68764 288.131 2.80752 295.046 2.74643 308.769 2.75901 284.447 2.68359  \
  278.68 2.61866 289.962 2.68957 281.636 2.64851 324.507 2.61744 289.986 2.6444  \
  284.769 2.64581 293.319 2.63419 302.486 2.70753 303.547 2.66815 285.683 2.68775  \
  312.98 2.69583 327.64 2.70038 339.912 2.62686 357.971 2.7003 287.96 2.68245  \
  329.965 2.65369 283.872 2.63359 288.119 2.61729 291.936 2.69432 267.899 2.69697  \
  286.292 2.66949 248.753 2.68259 271.347 2.71409 267.578 2.6704 239.857 2.721  \
  221.45 2.68319 259.101 2.64542 249.579 2.69796 278.118 2.69592 324.658 2.72167  \
  281.323 2.71322 265.589 2.67627 272.812 2.69647 228.719 2.68276 200.917 2.67379  \
  249.326 2.69357 280.885 2.75846 255.966 2.68764 253.486 2.76822 236.747 2.71674  \
  224.991 2.00797 185.556 2.87341 197.123 2.8571 189.068 2.85231 227.915 2.82361  \
  238.592 2.8585 216.797 2.76845 252.891 2.77418 237.885 2.85492 212.341 2.86824  \
  279.895 2.88926 248.509 2.82357 262.753 2.82351 340.863 2.76767 295.528 2.78369  \
  342.12 2.76303 309.722 2.77403 301.508 2.74979 319.599 2.83853 323.998 2.76673  \
  340.424 2.81326 349.659 2.70573 308.825 2.77023 305.835 2.71142 288.086 2.74671  \
  295.842 2.67372 326.329 2.70867 278.508 2.80095 286.113 2.72295 283.37 2.76391  \
  295.977 2.76996 310.193 2.73662 243.902 2.77431 277.438 2.68643 277.776 2.73125  \
  252.827 2.78494 220.497 2.74537 267.286 2.77924 243.248 2.71499 256.642 2.72094  \
  277.822 2.72547 243.498 2.71036 249.592 2.69946 244.339 2.7109 263.075 2.7199  \
  230.911 2.7146 275.579 2.76588 271.864 2.73401 241.441 2.80498 217.593 2.77222  \
  259.366 2.78911 247.974 2.76766 302.719 2.75565 251.317 2.78506 247.958 2.81212  \
  219.364 2.80332 215.045 2.82856 189.575 2.78859 185.948 2.8263 190.837 2.82337  \
  148.677 2.783 161.785 2.83786 154.304 2.84303 126.001 2.77196 279.681 3.15597  \
  232.61 3.96056 294.635 3.6843 280.687 3.67806 293.757 3.66415 297.854 3.62362  \
  257.533 3.67753 261.331 3.73193 266.641 3.68078 290.036 3.64841 268.343 3.68985  \
  267.221 3.64984 229.255 3.6705 304.495 3.658 295.536 3.64236 297.317 3.76441  \
  311.479 3.62969 301.263 3.59961 267.502 3.6282 284.276 3.67126 289.847 3.60634  \
  253.327 3.58499 282.57 3.63998 312.892 3.59771 312.869 3.67385 282.314 3.59826  \
  270.957 3.57454 290.442 3.61139 263.444 3.57662 233.599 3.60592 221.466 3.58893  \
  241.169 3.6571 267.894 3.5381 249.295 3.62902 230.024 3.59479 243.351 3.60923  \
  270.047 3.57336 279.266 3.58761 300.503 3.58544 217.679 3.57676 273.351 3.61713  \
  244.936 3.53897 247.501 3.56202 267.683 3.54058 251.321 3.64333 291.469 3.57724  \
  258.252 3.6239 280.897 3.66107 235.055 3.69768 3373.05 3281.14 288.201 3.60549  \
  258.332 3.72569 267.936 3.6831 229.376 3.68829 226.812 3.60457 254.254 3.62848  \
  220.018 3.72732 221.841 3.67649 231.96 3.69292 234.848 3.68027 220.454 3.70738  \
  250.729 3.69286 237.926 3.68988 246.161 3.68532 335.724 2.16678 258.861 3.1659  \
  301.117 2.94852 252.707 2.99416 286.793 2.89337 297.656 2.87503 272.913 3.00635  \
  278.357 2.94093 300.399 2.92895 287.395 2.90931 267.194 2.92441 303.913 2.95636  \
  300.55 2.93737 302.785 2.84953 309.592 2.81142 295.92 2.9496 317.947 2.86161  \
  313.937 2.90513 307.536 2.92543 341.633 2.80287 306.781 2.83562 355.586 2.83121  \
  310.239 2.90374 347.037 2.88599 349.365 2.92791 320.664 2.87895 304.904 2.80383  \
  326.107 2.9096 284.859 2.96004 338.896 2.85499 316.918 2.80892 330.105 2.84975  \
  300.848 2.82079 297.017 2.88844 299.688 2.97733 301.129 2.93396 280.837 2.91941  \
  304.01 2.89707 332.399 2.87033 332.796 2.94337 293.383 2.92366 320.464 2.89463  \
  334.912 2.93351 333.2 2.92384 332.856 2.89226 320.001 2.92695 354.705 2.80517  \
  296.634 2.9521 346.761 2.83449 320.245 2.87055 312.428 2.8184 307.27 2.86286  \
  280.041 2.80584 322.491 2.89622 284.644 2.87024 306.898 2.977 303.986 2.95296  \
  343.11 2.96752 303.022 2.89318 311.159 2.92459 316.703 2.94181 291.331 2.92943  \
  302.597 2.88192 301.171 3.01777 329.183 2.06486 332.303 2.98587 317.591 2.87591  \
  348.144 2.90754 388.451 2.881 330.167 2.9372 318.405 2.90991 330.238 2.90734  \
  287.488 2.90906 339.65 2.85855 330.535 2.93321 344.982 2.9592 326.066 3.00216  \
  349.769 2.87834 317.038 2.85357 297.562 2.88078 319.243 2.82138 320.781 2.78897  \
  342.405 2.8286 344.298 2.81089 358.484 2.87482 327.522 2.87879 396.728 2.92206  \
  369.749 2.84109 336.567 2.93732 342.708 2.86347 371.168 2.90203 342.958 2.90883  \
  346.998 2.87481 333.258 2.89105 351.707 2.8203 330.9 2.87225 326.663 2.88083  \
  289.992 2.79998 292.38 2.36493 289.746 2.87401 307.958 2.89537 310.921 2.84567  \
  289.96 2.85205 285.68 2.86285 286.607 2.97003 280.07 2.89499 300.585 2.88281  \
  349.844 2.8358 304.959 2.86681 288.923 2.87461 275.287 2.92097 325.8 2.98348  \
  291.046 2.87856 285.139 2.9363 331.658 2.98869 306.368 2.9617 331.1 2.82182  \
  346.788 2.92757 328.748 2.86833 335.112 2.96152 282.784 2.92936 307.461 2.95203  \
  307.38 2.97752 317.29 2.94249 280.112 2.95877 285.353 3.03805 276.335 2.90765  \
  327.723 2.94215 242.601 2.11887 138.887 2.99393 176.474 2.99851 196.832 2.94014  \
  194.679 2.88197 198.635 3.32029 216.513 4.20658 188.448 3.03604 167.597 3.07034  \
  168.957 2.99732 203.926 3.02849 159.023 3.01202 214.555 2.96733 220.629 2.9485  \
  176.332 2.94913 192.91 2.96016 204.708 2.89581 201.069 2.97473 224.592 2.95753  \
  204.467 2.80268 208.709 2.79038 213.208 2.95194 223.819 2.86354 220.139 2.84435  \
  190.477 2.86864 175.702 2.84325 248.455 2.91463 214.135 2.99551 271.468 2.96069  \
  221.19 2.897 220.399 2.87328 242.824 2.91655 228.993 2.93406 196.843 2.95246  \
  198.986 2.83338 228.538 2.87329 225.548 2.81328 266.966 2.85468 218.545 2.91854  \
  232.395 2.98715 248.651 2.86486 263.683 2.90694 199.529 3.01961 259.196 2.99422  \
  242.696 2.91636 250.018 2.90553 261.679 2.86573 274.679 2.84148 235.4 2.813  \
  230.804 2.89087 272.265 2.88708 287.996 2.9329 296.981 2.90207 277.373 2.87707  \
  242.58 2.84991 292.433 2.90579 272.761 2.887 256.43 3.10911 273.535 3.02203  \
  297.877 2.93935 261.135 2.99397 296.076 2.85469 245.546 2.85193 271.192 2.92224  \
  273.886 2.15602 184.523 2.76605 212.772 3.01405 222.862 2.96259 223.914 3.02824  \
  215.559 2.96484 237.039 2.98392 208.435 2.93688 213.172 3.01686 224.856 2.93611  \
  212.443 2.98497 237.618 3.00145 259.791 2.90349 263.371 2.96232 262.284 2.93957  \
  265.314 2.90663 272.721 2.88313 270.208 2.88601 234.287 2.84893 251.532 2.90182  \
  259.308 2.91205 276.257 2.86477 275.553 2.8229 271.785 2.90659 222.907 2.85636  \
  267.471 2.90136 269.852 2.8774 295.305 2.92113 290.707 2.88552 289.871 2.83026  \
  304.99 2.85199 294.169 2.86385 274.428 2.80631 291.682 2.82028 307.448 2.865  \
  295.185 2.9219 278.205 2.84919 264.282 2.8017 311.875 2.86514 306.241 2.8468  \
  289.373 2.82537 298.253 2.85354 319.226 2.85515 315.269 2.88462 305.902 2.87517  \
  268.291 2.82232 293.918 2.9013 272.293 2.83972 255.008 2.91087 268.113 2.83068  \
  312.473 2.87795 298.486 2.85528 306.573 2.95572 231.541 2.77213 283.976 2.8936  \
  275.515 2.87453 283.668 2.91296 282.479 2.8059 270.915 2.89239 283.314 2.81499  \
  251.173 3.0617 259.34 2.97921 291.462 2.94042 253.232 3.04612 282.577 3.51299  \
  266.035 3.50099 297.421 3.61898 301.915 3.56746 278.098 3.53346 329.498 3.54462  \
  264.795 3.56152 268.129 3.59803 247.374 3.49538 278.017 3.57948 282.588 3.56288  \
  325.187 3.55621 292.196 3.53913 338.452 3.54368 321.694 3.45468 354.869 3.58273  \
  338.99 3.60489 310.515 3.56648 313.067 3.54394 340.903 3.60309 352.374 3.55046  \
  375.425 3.58208 310.759 3.56813 295.591 3.56119 332.976 3.54098 318.755 3.53894  \
  263.971 3.58872 330.344 3.59667 304.213 3.50979 251.33 3.51613 285.661 3.57778  \
  313.094 3.51884 264.861 3.81787 236.712 3.56265 274.056 3.52837 279.259 3.52855  \
  289.231 3.53712 292.654 3.38042 303.511 3.56852 262.909 3.5902 284.511 3.57376  \
  268.008 3.53325 293.442 3.55758 317.665 3.54387 286.374 3.52881 311.958 3.64439  \
  295.549 3.52561 297.992 3.5789 259.429 3.54937 287.946 3.56284 309.442 3.54161  \
  260.138 3.58344 280.718 3.56918 316.611 3.58919 283.477 3.53788 290.112 3.59463  \
  238.545 3.60051 231.769 3.5469 292.347 3.58254 202.787 3.52607 254.503 3.6363  \
  178.284 3.5575 209.365 3.52221 202.527 3.514 373.625 2.0335 403.666 2.18347  \
  408.072 2.17286 378.675 2.17809 411.067 2.187 396.065 2.16891 421.991 2.18903  \
  416.874 2.15223 404.791 2.16517 423.667 2.16203 404.734 2.21397 416.874 2.24393  \
  460.488 2.99545 393.892 11.3424 330.309 33.5616 1077.77 2340.22 309.642 271.856  \
  549.653 515.378 403.912 10.3692 438.508 6.57066 427.455 2.23023 442.422 2.1805  \
  403.741 2.21944 384.132 2.21132 373.818 2.22292 350.553 2.23068 408.676 2.26044  \
  372.035 2.22977 367.625 2.23798 382.518 2.23855 346.316 2.24318 383.972 2.28686  \
  369.185 2.24443 350.808 2.27219 370.521 2.29013 370.711 2.24492 366.416 2.25168  \
  351.124 2.26948 346.916 2.28017 337.316 2.32223 334.101 2.29204 355.645 2.27027  \
  358.442 2.30816 357.61 2.29377 338.676 2.28914 384.329 2.29468 370.585 2.28219  \
  355.48 2.27327 372.038 2.30076 330.936 2.29203 369.951 2.34335 357.116 2.33606  \
  316.782 2.33306 319.837 2.34809 361.859 2.33671 359.035 2.35471 307.248 2.36176  \
  329.285 2.36327 302.431 2.3836 302.144 2.36941 370.115 2.38557 335.873 2.39712  \
  315.711 2.38403 318.453 2.38198 322.26 2.00584 365.36 2.67974 382.43 2.66922  \
  362.118 2.6182 374.331 2.60435 361.358 2.59461 385.721 2.68401 387.339 2.61757  \
  368.465 2.61139 353.581 2.5759 388.243 2.69709 399.404 2.54501 372.704 2.63311  \
  418.977 2.50181 392.075 2.53984 376.303 2.80999 356.563 2.78046 379.762 2.57654  \
  427.083 2.56108 372.849 2.53145 367.284 2.58403 366.176 2.63795 357.142 2.53518  \
  360.554 2.4913 339.141 2.52143 345.887 2.58366 339.861 2.53595 375.056 2.53038  \
  371.028 2.5327 328.818 2.53924 333.256 2.55198 355.1 2.54068 364.957 2.54823  \
  390.09 2.59587 336.597 2.55868 352.644 2.61143 383.858 2.65118 408.559 2.57384  \
  356.063 2.58464 349.344 2.55393 381.06 2.62196 361.307 2.59482 375.172 2.56648  \
  362.77 2.57586 387.186 2.54439 381.744 2.59198 385.55 2.52967 376.027 2.5428  \
  350.093 2.56862 380.493 2.56557 383.022 2.60356 374.399 2.58069 352.932 2.53594  \
  350.521 2.59371 341.671 2.54311 308.885 2.59212 300.891 2.61789 311.905 2.5933  \
  319.129 2.59021 340.86 2.60255 330.441 2.58199 329.613 2.63347 305.52 2.61691  \
  318.035 2.5942 266.361 2.16556 264.173 2.29031 244.794 2.31363 276.678 2.29071  \
  265.122 2.31284 267.045 2.3127 309.7 2.29627 274.303 2.28471 286.828 2.30326  \
  288.253 2.29685 329.044 2.29149 288.389 2.25449 249.86 2.2821 298.182 2.31128  \
  279.853 2.28237 300.249 2.27835 292.671 2.30295 270.093 2.29875 271.82 2.34904  \
  282.651 2.30221 269.545 2.32281 231.877 2.25263 309.621 2.32862 280.738 2.29829  \
  268.029 2.32265 232.913 2.30312 304.66 2.32791 303.696 2.33371 249.89 2.29753  \
  336.959 2.32535 269.45 2.30881 298.441 2.29412 266.19 2.32279 266.364 2.3057  \
  316.253 2.2981 309.496 2.33071 292.514 2.29832 304.953 2.30258 301.128 2.33542  \
  277.773 2.30817 311.376 2.28698 276.248 2.30059 293.559 2.31793 307.841 2.34363  \
  284.634 2.34429 288.158 2.28605 306.863 2.28301 313.068 2.34118 285.405 2.27976  \
  296.892 2.30186 322.566 2.26772 325.254 2.29216 300.762 2.28835 315.271 2.31189  \
  330.06 2.33481 344.521 2.29903 284.115 2.3023 301.758 2.29939 278.455 2.29894  \
  277.476 2.33286 275.922 2.28459 291.974 2.28901 270.245 2.31447 259.336 2.29306 
footDetNumberPar:  Int_t  2 
footNumberParsFit:  Int_t  2 
footStripNumberPar:  Int_t  640 
