##############################################################################
# Class:   footMappingPar
# Context: FootMappingParContext
##############################################################################
[footMappingPar]
//----------------------------------------------------------------------------
footGeoPar:  Int_t  202307 
footEnevsPosCorrPar:  Float_t \
  0 0 0 0 0 0 0 0 0 0 
footOffsetYPar:  Float_t \
  0 0 
footDistance2targetPar:  Float_t \
  0 0 
footOffsetXPar:  Float_t \
  0 0 
footPolPar:  Int_t  5 
footDetPar:  Int_t  2 
footAngleThetaPar:  Float_t \
  0 0 
footAnglePhiPar:  Float_t \
  0 0 
##############################################################################
##############################################################################
# Class:   footCalPar
# Context: FootCalParContext
##############################################################################
[footCalPar]
//----------------------------------------------------------------------------
footStripCalPar:  Float_t \
  147.445 2.057 91.8956 2.64877 107.252 2.65224 103.144 2.60454 78.2572 2.63134  \
  117.873 2.89316 129.322 2.8768 163.498 2.60463 117.728 2.57873 123.43 2.59662  \
  132.563 2.55823 143.92 2.59678 154.952 2.58255 148.207 2.66907 164.777 2.60647  \
  136.9 2.65693 130.805 2.58152 172.769 2.58818 172.967 2.60789 199.603 2.66374  \
  139.996 2.6261 203.439 2.59167 183.579 2.62202 194.919 2.60281 194.477 2.59783  \
  182.411 2.57673 177.099 2.57302 156.077 2.5368 189.443 2.59386 159.362 2.56296  \
  199.43 2.59545 163.911 2.55349 174.283 2.53895 159.543 2.55582 158.434 2.57586  \
  162.934 2.50083 170.95 2.56813 165.266 2.56373 153.524 2.56037 150.303 2.57149  \
  128.332 2.6524 138.656 2.62373 163.924 2.59188 165.443 2.61338 112.725 2.62702  \
  136.278 2.65126 116.324 2.57535 143.766 2.61003 129.598 3.0002 139.931 2.68092  \
  137.145 2.63087 141.574 2.64115 157.946 2.63222 147.746 2.56712 167.022 2.60291  \
  158.599 2.63219 159.087 2.56327 104.458 2.63526 137.384 2.599 142.528 2.67587  \
  116.308 2.64418 136.861 2.60115 124.55 2.70365 133.738 2.61778 340.35 3.05598  \
  317.551 3.36347 286.575 3.33761 312.462 3.31487 317.685 3.34432 290.532 3.34702  \
  325.517 3.37662 302.756 3.38898 318.8 3.34661 328.01 3.31579 340.58 3.37735  \
  332.696 3.33001 359.027 3.36837 364.944 3.36815 336.077 3.29335 346.159 3.40092  \
  341.87 3.40756 356.107 3.35204 354.073 3.4296 312.589 3.36235 367.832 3.32078  \
  342.017 3.35713 368.366 3.30656 331.427 3.40723 332.105 3.3889 357.566 3.35706  \
  353.481 3.40085 399.884 3.32461 365.744 3.33491 407.605 3.35968 390.853 3.38214  \
  336.993 3.35861 372.013 3.36109 379.489 3.33791 410.36 3.34763 417.439 3.31589  \
  394.112 3.30086 379.473 3.30284 359.733 3.32328 406.058 3.32557 358.397 3.32068  \
  367.71 3.35537 388.124 3.32478 368.089 3.38362 379.893 3.34904 371.506 3.2778  \
  388.215 3.33123 396.237 3.38048 361.365 3.42769 374.582 3.32846 360.808 3.34561  \
  320.74 3.33873 413.389 3.32885 347.869 3.35734 337.922 3.35186 325.858 3.32305  \
  335.664 3.3356 302.741 3.30712 350.64 3.36992 301.142 3.40308 323.555 3.30914  \
  302.598 3.41122 321.41 3.39906 336.221 3.41286 401.691 2.10031 367.149 2.84303  \
  348.009 2.7529 366.117 2.84072 348.638 2.84492 370.699 2.82857 397.535 2.86409  \
  358.939 2.84113 375.657 2.83077 386.689 2.89283 349.542 2.82397 391.731 2.8095  \
  362.045 2.80383 359.297 2.84483 385.062 2.7643 362 2.82941 326.417 2.79234  \
  355.208 2.79554 348.231 2.83715 395.951 2.79051 399.881 2.81314 430.084 2.87286  \
  389.793 2.82662 371.024 2.85283 388.088 2.89887 409.106 2.79085 429.228 2.83381  \
  459.345 2.82055 384.798 2.784 430.684 2.82667 415.634 2.80676 412.401 2.83838  \
  383.274 2.76653 400.424 2.85991 421.122 2.81773 398.321 2.81633 442.008 2.85635  \
  443.136 2.7929 456.97 2.80947 379.587 2.84429 396.577 2.87835 405.099 2.78188  \
  431.801 2.82641 431.592 2.80068 435.679 2.87937 425.496 2.87765 420.699 2.78973  \
  428.493 2.84896 411.775 3.04905 387.933 2.88145 408.563 2.80185 396.741 2.86127  \
  380.056 2.85991 378.711 2.862 382.678 2.86326 389.594 2.87102 402.294 2.8578  \
  384.517 2.83719 408.771 2.89128 372.81 2.8535 404.033 2.79491 368.856 2.85628  \
  418.992 2.78707 359.997 2.84175 300.311 2.1255 240.634 2.76312 267.91 2.84544  \
  269.052 2.76905 265.525 2.78084 239.304 2.76323 250.862 2.77189 267.632 2.78869  \
  269.617 2.8502 283.36 2.83176 261.198 2.80863 225.064 2.79744 267.434 2.76969  \
  229.137 2.74821 223.368 2.83415 258.02 2.78273 254.436 2.71684 301.095 2.7938  \
  260.95 2.80037 234.821 2.76473 240.298 2.82878 234.478 2.82601 224.339 2.83166  \
  229.457 2.74306 238.68 2.75649 226.736 2.73863 247.901 2.75882 273.6 2.74363  \
  258.93 2.69934 236.575 2.75079 265.471 2.75203 279.162 2.72836 289.485 2.74258  \
  291.567 2.7873 259.196 2.71961 331.22 2.80229 348.799 2.77886 317.535 2.81497  \
  316.823 2.8404 329.204 2.77744 302.161 2.79988 316.168 2.75744 305.576 2.84431  \
  301.147 2.79869 316.143 2.74952 298.397 2.73911 292.473 2.81892 280.028 2.79742  \
  295.308 2.79643 256.609 2.72179 304.403 2.79353 321.636 2.78372 282.573 2.80555  \
  274.613 2.81142 286.178 2.78943 245.95 2.82127 297.899 2.83929 289.697 2.7679  \
  273.034 2.81834 294.771 2.83453 264.016 2.84168 297.653 2.83027 285.552 2.81501  \
  260.272 2.7884 306.94 2.07525 231.775 2.9375 269.721 2.92655 246.199 2.9303  \
  287.598 2.90254 259.391 2.90967 293.113 2.90065 249.664 2.8671 263.517 2.87691  \
  300.551 2.92023 289.878 2.81002 280.945 2.89245 326.44 2.90753 336.786 2.92482  \
  324.822 2.88156 359.949 2.84519 295.847 2.85312 333.952 2.95847 368.965 2.91258  \
  393.753 2.8879 409.857 2.91218 345.587 2.87095 370.53 2.87023 355.549 2.84001  \
  360.042 2.96909 381.98 2.94609 333.245 2.89541 350.216 2.95492 368.162 2.79275  \
  381.829 2.85612 385.906 2.81668 382.064 2.9207 346.055 2.91209 359.321 2.79494  \
  358.195 2.9006 335.234 2.92616 345.198 2.84911 352.492 2.83001 361.007 2.79164  \
  362.69 2.87901 360.914 2.88751 322.052 2.80489 357.11 2.85459 342.944 2.89004  \
  365.777 2.8756 352.72 2.81842 356.025 2.80324 333.816 2.8765 323.082 2.90755  \
  340.256 2.87042 302.196 2.90458 324.811 2.82894 328.146 2.85596 285.202 2.85135  \
  307.943 2.88696 296.489 2.90272 281.694 2.86749 284.868 2.83325 278.602 2.95424  \
  289.23 2.83034 264.188 2.90137 306.476 2.99496 264.852 2.98299 267.614 2.94964  \
  310.255 2.0573 290.779 2.72474 289.777 2.63079 268.254 2.63317 336.957 2.54755  \
  279.091 2.56541 336.493 2.599 288.638 2.58308 297.002 2.58989 300.489 2.5929  \
  338.755 2.53732 341.568 2.52952 369.804 2.54494 339.718 2.57334 344.506 2.54051  \
  359.265 2.55813 347.85 2.54484 342.666 2.52045 355.405 2.50378 393.557 2.53494  \
  354.178 2.47994 371.276 2.58969 377.353 2.47768 391.106 71.9246 381.876 2.62053  \
  377.683 2.50673 393.436 2.52189 376.857 2.54209 429.938 2.53443 382.155 2.58683  \
  399.68 2.54207 411.803 2.5474 384.547 2.50422 420.15 2.5513 377.774 2.49039  \
  402.398 3.14567 392.108 2.53137 411.302 2.52393 378.999 2.56558 400.946 2.51805  \
  384.459 2.51925 359.192 2.61289 370.177 2.50193 379.057 2.55694 367.764 2.51623  \
  388.531 2.50396 395.392 2.53252 399.823 2.52509 407.099 2.53612 404.931 2.52611  \
  435.948 2.49895 440.397 2.51572 430.772 2.54961 463.185 2.48117 471.195 2.44167  \
  466.407 2.50539 428.51 2.55625 431.06 2.59413 414.542 2.50677 450.908 2.52668  \
  480.253 2.4807 444.408 2.46903 432.692 2.52129 434.858 2.51815 349.793 3.22298  \
  305.971 2.99592 312.637 3.23192 309.314 3.30245 320.811 3.23465 324.769 3.21839  \
  326.932 3.25027 372.886 3.24095 343.86 3.25998 370.547 3.229 377.392 3.21227  \
  342.314 3.2488 421.188 3.29464 408.118 3.23546 402.446 3.20727 372.033 3.31931  \
  350.641 3.25815 367.841 3.2808 384.655 3.19379 362.435 3.30257 368.966 3.24367  \
  353.315 3.23019 413.124 3.24831 393.889 3.23926 335.28 3.24191 329.176 3.10874  \
  335.572 3.31281 337.994 3.24333 322.948 3.24054 336.351 3.25968 304.824 3.252  \
  300.721 3.32706 358.017 3.23069 286.78 3.28006 335.42 3.30487 313.954 3.26574  \
  316.21 3.26624 303.042 3.20987 313.574 3.29066 308.804 3.27519 260.997 3.2738  \
  285.908 3.26907 324.481 3.27348 298.092 3.29366 269.122 3.32054 346.22 3.27704  \
  345.872 3.2655 352.305 3.30979 297.973 3.33054 298.074 3.31464 312.78 3.26634  \
  319.223 3.38872 316.39 3.30135 340.096 3.31967 283.673 3.26324 327.576 3.30996  \
  296.013 3.2937 283.917 3.3018 330.557 3.35512 309.987 3.27018 299.465 3.33069  \
  259.6 3.2942 289.273 3.29936 296.109 3.30728 324.712 2.2401 256.966 2.78147  \
  284.82 2.7945 277.026 2.73025 275.036 2.73246 300.86 2.73122 339.523 2.75404  \
  289.668 2.68535 296.065 2.69294 347.443 2.70485 341.653 2.72962 342.992 2.7037  \
  284.725 2.73707 319.015 2.70501 377.081 2.69839 355.623 2.68316 358.87 2.69205  \
  337.64 2.68425 348.598 2.68564 338.346 2.71361 370.747 2.6544 336.84 2.65667  \
  323.231 2.70974 339.116 2.69912 336.743 2.68683 349.713 2.68774 367.854 2.67768  \
  342.809 2.69395 351.88 2.64707 380.63 2.69211 316.558 2.75636 350.114 2.76695  \
  336.144 2.72281 318.548 2.71913 355.467 2.65883 370.324 2.69807 328.862 2.66638  \
  347.323 2.67093 395.153 2.74165 347.179 2.65837 371.853 2.74456 344.985 2.75267  \
  339.938 2.74293 361.954 2.73136 388.024 2.74567 344.703 2.61926 362.631 2.64352  \
  351.151 2.64938 312.418 2.69583 312.056 2.72699 332.335 2.67395 317.81 2.707  \
  299.761 2.69007 293.492 2.68058 293.652 2.72927 305.663 2.7436 306.05 2.75065  \
  265.273 2.75068 267.541 2.73615 280.072 2.76401 288.972 2.78393 276.178 2.8152  \
  277.096 2.82432 232.685 2.76001 336.422 2.08808 348.071 2.78605 340.008 2.80696  \
  305.785 2.77478 303.321 2.80787 322.586 2.78148 366.52 2.78407 381.814 2.79368  \
  351.464 2.69737 365.176 2.81058 347.528 2.77991 380.404 2.7696 350.377 2.74116  \
  388.806 2.75638 365.553 2.72704 393.436 2.78773 371.322 2.73404 353.904 2.68281  \
  368.513 2.71632 348.877 2.66947 343.124 2.7527 344.586 2.72289 342.525 2.73618  \
  358.899 2.75563 345.648 2.70055 321.306 2.7197 354.174 2.72605 329.829 2.74843  \
  377.14 2.70339 365.54 2.71948 314.871 2.68183 320.165 2.71466 325.519 2.7134  \
  359.077 2.68779 390.357 2.70187 354.273 2.71887 353.831 2.67129 358.287 2.73412  \
  347.862 2.71109 406.15 2.75591 387.858 2.68655 373.537 2.72218 398.588 2.72249  \
  380.846 2.76038 394.506 2.83958 425.337 2.72945 377.503 2.77413 372.843 2.73761  \
  399.442 2.77373 381.729 2.7474 342.376 2.75854 367.271 2.78721 400.316 2.75498  \
  405.583 2.80357 348.445 2.71913 403.558 2.68902 376.342 2.75931 344.788 2.75231  \
  389.132 2.78311 385.247 2.72338 414.263 2.72309 357.136 2.79737 366.897 2.79631  \
  391.449 2.69792 302.196 2.12307 274.748 2.95659 279.018 2.85134 330.633 2.73206  \
  249.52 2.7398 277.48 2.77572 295.249 2.73025 294.654 2.95526 293.645 2.73349  \
  299.886 2.77264 291.312 2.72061 287.133 2.7826 256.648 2.74741 339.973 2.70467  \
  276.744 2.74438 293.177 2.7173 308.737 2.70178 326.472 2.81252 357.309 2.76302  \
  322.251 2.72032 288.157 2.85353 295.076 2.77648 308.933 2.73967 284.478 2.7425  \
  278.69 2.65901 290.036 2.75444 281.759 2.70148 324.656 2.68213 290.143 2.68914  \
  284.884 2.68026 293.452 2.68507 302.495 2.74511 303.646 2.64232 285.825 2.72634  \
  313.122 2.6897 327.729 2.70864 340.076 2.69743 358.113 2.67821 288.006 2.73803  \
  330.105 2.76552 284.016 2.74776 288.286 2.71047 291.847 2.76099 267.948 2.73851  \
  286.371 2.74593 248.783 2.70162 271.321 2.7672 267.701 2.72323 240.007 2.73924  \
  221.505 2.73628 259.125 2.68593 249.659 2.73738 278.123 2.74291 324.761 2.74314  \
  281.233 2.72586 265.668 2.71968 272.793 2.69853 228.808 2.73788 200.963 2.72539  \
  249.423 2.81154 280.9 2.78885 256.039 2.65341 253.643 2.79462 236.785 2.76683  \
  225.263 2.05566 185.378 2.83869 197.373 2.81986 189.505 2.84596 228.4 2.80857  \
  239.096 2.80554 217.273 2.79077 253.145 2.82006 238.276 2.87357 212.804 2.82192  \
  280.289 2.82546 248.908 2.79788 263.179 2.83592 341.291 2.76307 295.888 2.79281  \
  342.466 2.71768 310.03 2.78467 301.831 2.74224 320.094 2.79071 324.363 2.76148  \
  340.911 2.79711 350.023 2.71151 309.267 2.73895 306.227 2.77087 288.327 2.81076  \
  296.275 2.73962 326.752 2.7783 278.988 2.87536 286.547 2.84972 283.661 2.82763  \
  296.54 2.78522 310.371 2.73316 244.348 2.84089 277.867 2.75397 278.198 2.77371  \
  253.171 2.81588 221.001 2.752 267.721 2.8139 243.673 2.82902 257.001 2.82242  \
  278.289 2.83477 244.014 2.85627 249.975 2.79217 244.726 2.81958 263.48 2.81838  \
  231.341 2.79023 276.008 2.82735 272.189 2.8345 241.889 2.80601 218.057 2.7962  \
  259.721 2.75654 248.4 2.7795 303.132 2.80931 251.674 2.81286 248.398 2.7715  \
  219.754 2.76948 215.376 2.81848 189.892 2.77825 186.385 2.76373 191.178 2.8489  \
  149.1 2.74667 162.179 2.87826 154.825 2.8119 126.418 2.75974 280.088 2.9433  \
  234.612 3.41245 295.484 3.34854 281.429 3.41434 294.447 3.34806 298.61 3.33241  \
  258.308 3.38721 262.135 3.33642 267.453 3.39656 290.832 3.33483 269.025 3.38906  \
  268.006 3.3566 229.971 3.31816 305.142 3.3038 296.283 3.34133 298.056 3.43916  \
  312.201 3.30181 302.12 3.33134 268.253 3.34412 285.13 3.42454 290.615 3.34408  \
  254.126 3.43958 283.329 3.37603 313.607 3.35319 313.566 3.29788 283.094 3.35259  \
  271.663 3.32769 291.249 3.33492 264.256 3.37456 234.376 3.33613 222.219 3.37865  \
  241.829 3.40777 268.721 3.33605 249.989 3.40464 230.816 3.33295 244.017 3.3345  \
  270.844 3.31689 280.074 3.36197 301.252 3.33873 218.511 3.34741 274.034 3.3477  \
  245.737 3.31859 248.19 3.36015 268.549 3.38282 252.039 3.36308 292.267 3.30006  \
  259.023 3.33405 281.817 3.4241 235.708 3.3597 5890.22 3267.41 288.844 3.26725  \
  259.162 3.41256 268.589 3.32181 230.119 3.34959 227.526 3.35893 255.072 3.39126  \
  220.677 3.34081 222.591 3.33302 232.817 3.39838 235.634 3.37512 221.312 3.35929  \
  251.495 3.35145 238.812 3.35886 246.995 3.37697 335.993 2.1695 259.353 3.10337  \
  301.34 2.90955 252.953 2.92401 287.026 2.8901 297.979 2.8513 273.235 2.95273  \
  278.634 2.95617 300.652 2.86036 287.62 2.90893 267.519 2.91727 304.219 2.92123  \
  300.802 2.92725 303.1 2.89127 309.887 2.82201 296.08 2.94829 318.168 2.86835  \
  314.136 2.92513 307.752 2.87135 341.958 2.88094 307.071 2.92355 355.832 2.93934  \
  310.557 2.8933 347.287 2.91087 349.65 2.89375 320.968 2.92584 305.067 2.8769  \
  326.386 2.93242 285.137 2.95283 339.246 2.88164 317.238 2.90025 330.382 2.90731  \
  301.097 2.92957 297.281 2.91155 300.035 3.07374 301.453 2.90533 281.134 2.99131  \
  304.274 2.92809 332.693 2.86769 333.042 2.94051 293.613 2.93061 320.702 2.95304  \
  335.188 2.94841 333.558 2.89882 333.104 2.8391 320.173 2.90779 354.916 2.85932  \
  296.871 2.95909 347.025 2.82208 320.531 2.9728 312.644 2.97531 307.529 2.94276  \
  280.242 2.85303 322.835 2.96556 284.913 2.9853 307.251 2.91687 304.35 2.98846  \
  343.31 2.9766 303.372 2.95246 311.519 2.93335 316.984 2.95436 291.646 2.92742  \
  302.768 2.90777 301.473 3.03019 329.35 2.08857 332.214 2.98674 317.44 2.89815  \
  348.098 2.86146 388.429 2.89953 330.014 2.90066 318.36 2.85638 330.155 2.90711  \
  287.396 2.89026 339.625 2.83134 330.528 2.90593 344.987 2.92291 325.98 2.92546  \
  349.734 2.8662 316.92 2.84037 297.452 2.91974 319.096 2.89751 320.735 2.84159  \
  342.278 2.9073 344.161 2.96376 358.396 2.87731 327.321 2.85037 396.482 2.94629  \
  369.708 2.9106 336.432 2.94283 342.719 2.91135 371.164 2.95296 342.88 2.97805  \
  346.921 2.89881 333.111 2.95014 351.677 2.85964 330.898 2.96254 326.563 2.94187  \
  289.943 2.93661 292.296 2.34935 289.642 2.85803 307.86 2.98802 310.876 2.92073  \
  289.755 2.91394 285.5 3.05787 286.517 2.96744 279.932 2.97483 300.566 3.0016  \
  349.771 2.97977 304.785 2.97902 288.813 2.95768 275.233 3.04073 325.807 2.9749  \
  290.987 2.90786 285.043 2.88981 331.686 2.96999 306.254 2.97394 331.048 2.92205  \
  346.53 3.00594 328.651 2.98557 334.906 2.91623 282.632 2.98642 307.362 2.93876  \
  307.181 2.97342 317.19 2.90746 280.128 2.93203 285.216 3.00079 276.317 2.90016  \
  327.69 2.91015 242.66 2.10641 138.618 2.96824 176.153 3.01024 196.382 2.96719  \
  194.328 2.92014 198.277 3.32621 216.056 4.43425 188.043 2.95209 167.189 2.95328  \
  168.584 3.01182 203.599 2.99601 158.648 2.95655 214.204 2.95848 220.304 2.9411  \
  175.879 2.94134 192.506 2.93209 204.272 2.93675 200.591 2.9126 224.153 2.94184  \
  204.025 3.00821 208.257 2.87351 212.788 2.96311 223.412 2.93525 219.707 2.90908  \
  190.143 2.99511 175.328 2.92934 248.091 3.01276 213.776 3.02451 271.098 2.97113  \
  220.726 2.93324 219.901 2.97008 242.489 3.0224 228.583 2.99397 196.413 2.97166  \
  198.582 2.90705 228.165 2.96068 225.237 2.9264 266.683 2.96312 218.149 2.95315  \
  231.94 2.94318 248.309 2.98164 263.405 2.95693 199.257 2.99057 258.92 2.974  \
  242.252 2.92938 249.71 2.95044 261.324 2.99369 274.319 2.95832 234.931 3.00662  \
  230.382 2.88211 271.912 2.89215 287.656 2.95607 296.493 2.9139 276.932 2.90937  \
  242.12 2.96019 292.059 2.9588 272.287 2.84096 256.005 3.16237 273.264 2.96921  \
  297.431 2.88864 260.693 2.88421 295.664 2.86284 245.057 2.829 270.853 2.98844  \
  273.795 2.10459 184.676 2.70785 212.834 2.90445 222.731 2.83416 223.852 2.87406  \
  215.51 2.90832 236.97 2.906 208.368 2.87275 213.126 2.92817 224.775 2.79527  \
  212.425 2.89253 237.594 2.91471 259.707 2.86413 263.433 2.87209 262.261 2.87359  \
  265.195 2.91257 272.563 2.96297 270.083 2.92986 234.192 2.85033 251.514 2.8652  \
  259.328 2.9172 276.11 2.91328 275.603 2.87897 271.817 2.96383 222.884 2.88702  \
  267.5 2.9801 269.932 2.86467 295.374 2.83495 290.751 2.80843 289.916 2.80077  \
  304.943 2.89067 294.296 2.87544 274.468 2.8614 291.704 2.85043 307.59 2.89265  \
  295.11 2.89817 278.167 2.90031 264.432 2.85886 311.913 2.90411 306.141 2.84818  \
  289.368 2.88374 298.241 2.92268 319.238 2.89551 315.29 2.93453 306.04 2.89628  \
  268.292 2.79706 293.915 2.91288 272.316 2.86733 254.914 2.96641 268.055 2.91599  \
  312.382 2.87377 298.469 2.8352 306.563 2.86802 231.506 2.69819 283.848 2.83147  \
  275.372 2.90773 283.726 2.88815 282.357 2.83614 270.92 2.88963 283.346 2.8427  \
  251.211 2.9274 259.333 2.87532 291.483 2.86485 253.238 2.97093 282.354 3.71304  \
  267.055 2.74666 298.603 2.77738 302.764 2.8142 279.145 2.85285 330.363 2.83215  \
  265.762 2.85844 268.982 2.82975 248.221 2.83312 278.929 2.84802 283.536 2.82973  \
  326.046 2.79383 293.033 2.83086 339.257 2.8169 322.508 2.8299 355.787 2.85803  \
  339.644 2.83851 311.433 2.8091 313.989 2.84769 341.774 2.85315 353.242 2.81006  \
  376.27 2.7877 311.517 2.83843 296.45 2.83486 333.773 2.8447 319.641 2.87536  \
  264.78 2.84737 331.204 2.8311 305.119 2.81066 252.288 2.86574 286.638 2.81912  \
  313.998 2.84695 265.59 3.09298 237.629 2.81094 274.96 2.82508 280.159 2.82104  \
  290.129 2.79042 293.481 2.83359 304.43 2.81363 263.769 2.85103 285.365 2.81593  \
  268.897 2.84387 294.299 2.78667 318.473 2.82172 287.259 2.8172 312.741 2.80797  \
  296.307 2.80975 298.8 2.91056 260.372 2.83434 288.837 2.8036 310.147 2.82556  \
  261.009 2.86021 281.49 2.8176 317.387 2.81119 284.251 2.85155 290.838 2.85802  \
  239.361 2.84526 232.553 2.84145 293.121 2.83663 203.539 2.83191 255.424 2.84711  \
  179.037 2.83046 210.229 2.84282 203.368 2.87276 373.483 2.01346 401.239 3.36212  \
  405.014 3.10401 375.647 3.14708 407.887 3.09583 393.148 3.18248 418.603 2.90291  \
  413.658 2.96028 401.358 2.8822 420.234 2.91456 400.693 2.63417 412.105 2.59263  \
  453.903 2.52666 396.115 15.0049 2530.53 723.239 2031.03 2177.43 344.401 0.0418675  \
  408.31 2.74215 390.703 2.84486 419.388 2.78421 418.337 2.71589 435.043 2.63774  \
  398.858 2.58498 379.555 2.63146 369.866 2.57063 349.382 2.8774 407.999 2.82133  \
  371.548 2.81071 367.225 2.77331 382.637 2.65517 346.778 2.62907 384.844 2.51001  \
  370.326 2.52868 352.042 2.45721 371.716 2.48995 371.879 2.46427 367.629 2.43833  \
  352.453 2.40471 348.153 2.4299 338.463 2.38121 335.197 2.44356 356.696 2.39465  \
  359.412 2.40596 358.533 2.40357 339.378 2.35996 385.107 2.33014 371.318 2.36413  \
  356.111 2.32148 372.54 2.31811 331.436 2.31073 370.376 2.37638 357.665 2.34215  \
  317.182 2.30352 320.315 2.28753 362.344 2.32453 359.481 2.31925 307.664 2.33901  \
  329.71 2.32066 302.916 2.34548 302.66 2.35512 370.75 2.34888 336.473 2.34722  \
  316.195 2.36954 318.966 2.3427 322.457 2.02051 365.957 2.64726 383.071 2.66033  \
  362.654 2.62262 374.944 2.59372 362.014 2.59944 386.366 2.71869 388.049 2.6271  \
  369.017 2.63001 354.164 2.64562 388.781 2.70088 400.058 2.65519 373.264 2.70454  \
  419.619 2.61829 392.614 2.64445 377.159 2.75072 357.1 2.77519 380.377 2.66576  \
  427.676 2.66369 373.475 2.60944 367.928 2.65557 366.808 2.69066 357.838 2.68133  \
  361.201 2.66673 339.77 2.6592 346.634 2.66704 340.547 2.6266 375.679 2.62376  \
  371.635 2.67495 329.475 2.62313 333.884 2.65013 355.711 2.66769 365.537 2.66525  \
  390.744 2.69979 337.168 2.66657 353.27 2.73436 384.416 2.74969 409.183 2.65012  \
  356.651 2.76635 350.001 2.66991 381.708 2.66242 361.928 2.71076 375.831 2.66898  \
  363.422 2.70105 387.717 2.62718 382.299 2.72893 386.114 2.64341 376.63 2.65355  \
  350.618 2.63832 381.109 2.68312 383.661 2.67238 374.997 2.65074 353.51 2.64972  \
  351.083 2.62494 342.307 2.66335 309.446 2.64867 301.489 2.61083 312.499 2.58912  \
  319.743 2.65046 341.419 2.6756 331.066 2.62348 330.206 2.62377 306.059 2.62499  \
  318.631 2.65412 266.399 2.18406 264.145 2.28536 245.057 2.31118 276.864 2.311  \
  265.255 2.34057 267.123 2.32435 309.929 2.33609 274.488 2.30988 287.065 2.2824  \
  288.418 2.3038 329.205 2.36593 288.541 2.31158 250.088 2.3505 298.267 2.34371  \
  279.951 2.36294 300.285 2.35372 292.82 2.30925 270.233 2.32467 271.986 2.38314  \
  282.734 2.35146 269.731 2.35293 232.026 2.32466 309.801 2.35013 280.854 2.33315  \
  268.199 2.3285 233.112 2.344 304.903 2.32176 303.882 2.35192 249.922 2.34739  \
  337.141 2.32167 269.619 2.32063 298.543 2.35104 266.377 2.34633 266.492 2.34778  \
  316.446 2.31517 309.672 2.37961 292.812 2.36334 305.138 2.33867 301.289 2.34924  \
  277.964 2.31528 311.587 2.36469 276.407 2.32391 293.764 2.33583 308.079 2.36162  \
  284.777 2.31514 288.371 2.28377 307.043 2.34026 313.264 2.35199 285.511 2.31519  \
  297.01 2.33113 322.804 2.33281 325.434 2.33486 300.927 2.34361 315.354 2.35124  \
  330.185 2.35185 344.634 2.3882 284.307 2.34444 301.899 2.37746 278.63 2.32943  \
  277.657 2.32224 275.94 2.33378 292.125 2.29036 270.466 2.33954 259.477 2.29238 
footDetNumberPar:  Int_t  2 
footNumberParsFit:  Int_t  2 
footStripNumberPar:  Int_t  640 
